0 0.5275107953 0.3222886128 0.02280356417 0.03129229492
0 0.5354673711 0.2738403172 0.01945193087 0.02611385328
0 0.7267590027 0.3125004087 0.02565166803 0.03423101332
0 0.6423476746 0.1706026564 0.02944758652 0.03977812722
0 0.6831664426 0.4039037367 0.02425723822 0.03369717962
0 0.7029823046 0.3180608791 0.02578028427 0.03649524111
0 0.738030693 0.4072541907 0.04041911004 0.05406040816
0 0.6995056433 0.4045297066 0.0195984726 0.02786556675
1 0.6283695449 0.3157434804 0.05030640495 0.06250470592
1 0.6036289395 0.177132776 0.07506018261 0.105771311
1 0.7300409068 0.3537878371 0.03099635581 0.04302903427
1 0.6620261441 0.3040333265 0.03299174029 0.0442053795
1 0.6480505617 0.2293827787 0.02712093758 0.03856661777
1 0.6451876701 0.259365546 0.02269834118 0.03192414677
2 0.5658214069 0.2160100536 0.04268732248 0.06169592874
2 0.6506984406 0.339535518 0.03510247551 0.04327199869
2 0.7160268794 0.4466679351 0.05246939441 0.07077207834
2 0.65525655 0.2075555208 0.04387130632 0.06349346612
2 0.5793632356 0.302599259 0.07707582258 0.1039919079
