1 0.5238649496 0.3158521015 0.0470747886 0.06967607102
0 0.6460095189 0.2525377788 0.02426426538 0.03266870036
0 0.6733271008 0.3377993128 0.03480366828 0.04976952174
2 0.590789601 0.4042565 0.09075218134 0.1270665628
2 0.5178599319 0.242726999 0.06814745246 0.0888373174
2 0.5123813651 0.2136108147 0.04054862909 0.0574351054
1 0.5169506891 0.1577266715 0.07795377727 0.1069402721
1 0.5740690809 0.1733907774 0.03697257017 0.05668035683
1 0.5861594886 0.3206128486 0.09871262916 0.1434603978
1 0.6229342022 0.216269236 0.0326588267 0.04564744431
1 0.5608919775 0.2655184439 0.06265410338 0.07988722563
1 0.6130471211 0.1919741553 0.03249731425 0.04304658666
1 0.5440871161 0.1037974585 0.02187945835 0.0302854851
1 0.6398028644 0.277612014 0.02773934649 0.03873451019
1 0.5582420582 0.2019782516 0.05938865532 0.08199978876
0 0.4776013082 0.2588494791 0.02111067368 0.02804450674
0 0.6479702581 0.3051836221 0.02248749833 0.03180565535
0 0.5750558202 0.071625102 0.03380502896 0.04596166051
0 0.6162424312 0.3694047318 0.01385220382 0.01868572401
0 0.6727902203 0.2498754263 0.01961968945 0.02537996623
0 0.6475145177 0.2254109901 0.0138397898 0.01635132041
