1 0.6468951198 0.5853726075 0.111925127 0.1555577898
1 0.786510875 0.6103509916 0.05499704536 0.07226354852
1 0.7943644321 0.547460535 0.0344158216 0.04376375491
1 0.7312433015 0.5304847612 0.04380383159 0.06608275788
1 0.74028952 0.6075018082 0.02906253254 0.0393642775
1 0.8045278301 0.4392639277 0.03415289814 0.04705256124
1 0.6587657676 0.4774979206 0.05476938235 0.06866892288
1 0.689647406 0.4708748066 0.0593731123 0.0789753708
1 0.6967272536 0.575425886 0.04710449974 0.06840590448
1 0.7675526637 0.5723708501 0.03905093543 0.05256260824
1 0.7662029344 0.4570089909 0.06323511057 0.09273693538
1 0.8006209542 0.384303119 0.07528791261 0.1084837266
1 0.8389632944 0.4336280262 0.02168800643 0.03138087468
2 0.8380073193 0.5287363607 0.07339616188 0.1017934062
2 0.7035862553 0.4011250189 0.07630822258 0.09683609584
2 0.7420074636 0.3347232441 0.05497743972 0.07424327275
2 0.7480190715 0.6613600979 0.04496160378 0.06547652012
0 0.6886264278 0.6419163692 0.02647616305 0.03801759235
0 0.7416657093 0.4289168211 0.01858749401 0.02878411096
0 0.7421643088 0.3791468394 0.02781053448 0.03619347821
0 0.7699503958 0.6555068315 0.02328142475 0.03164379157
0 0.690822363 0.6241764531 0.04064830458 0.05574950863
