0 0.3553536075 0.4201340408 0.01927913686 0.02672817864
0 0.3386019754 0.3803214007 0.01692792863 0.02164808518
0 0.1773836969 0.4862143868 0.02249469707 0.02813841102
0 0.223470461 0.3292113848 0.0254222684 0.03326002838
0 0.2342350528 0.5506062232 0.02016655943 0.02924746342
0 0.1995027385 0.4822089219 0.02086442437 0.03244058977
0 0.1864432416 0.5741423178 0.03534232818 0.04458183103
0 0.2199274811 0.5572870826 0.01576020737 0.024903234
1 0.264946681 0.4521788254 0.04796925553 0.04598260425
1 0.2589831213 0.3204585443 0.0611521727 0.09348581263
1 0.1827707091 0.5239164079 0.0257940788 0.03731359048
1 0.2328660542 0.4544573724 0.02878201572 0.0365467152
1 0.2302295544 0.3832735147 0.02180490766 0.03447262716
1 0.2387757989 0.4086850214 0.0185435916 0.02814839692
2 0.3001827032 0.3406212394 0.03349250772 0.05623424462
2 0.2499973795 0.4815697788 0.03375665534 0.03140512602
2 0.2137903058 0.6007059811 0.0453838898 0.05905523613
2 0.2194835936 0.3666950103 0.03434955482 0.05796562879
2 0.3055983568 0.4221884092 0.0666424245 0.08680994612
