1 0.6419632491 0.628106641 0.103350785 0.1472240071
1 0.7836451399 0.6046948444 0.05290789369 0.0655361763
1 0.7798013196 0.5402444373 0.03385002948 0.03863491543
1 0.7147019067 0.5452488688 0.03780030631 0.06610265816
1 0.7377356683 0.6177678081 0.02735927761 0.0365519596
1 0.7699010823 0.4305136168 0.03174744255 0.04424818445
1 0.6337985547 0.5181057181 0.05436610478 0.0598907868
1 0.6629051236 0.5009987304 0.05662818608 0.07231940516
1 0.6890671316 0.6012292378 0.04200049767 0.06675187906
1 0.7580511367 0.5739106709 0.03693057457 0.04857518242
1 0.7355293199 0.4610972701 0.05592222325 0.09108789294
1 0.7559663694 0.3778876242 0.06756299938 0.1053035716
1 0.8026786359 0.4131557505 0.01939642902 0.03054691746
2 0.8192150568 0.5068733734 0.06788305002 0.09619259374
2 0.6637762846 0.4277235081 0.07515488335 0.08533884688
2 0.6893024794 0.3493294786 0.05186834857 0.06878324855
2 0.7552213911 0.6679986471 0.03999688004 0.06401289112
0 0.6933296179 0.6692995083 0.0238269588 0.03681573469
0 0.7062739431 0.441937977 0.01566189703 0.02926113031
0 0.6976188403 0.3928963217 0.02693135456 0.03257195964
0 0.775680862 0.6547207898 0.02186107747 0.02946018053
0 0.6922263485 0.6511262173 0.03791351523 0.0522529595
