0 0.4336365188 0.5414650759 0.0195645146 0.02698800004
0 0.4018862105 0.533457636 0.0169378779 0.0221828702
0 0.3582803442 0.7607342327 0.02242482019 0.02895496009
0 0.3028618764 0.6168974292 0.02553622054 0.03393698752
0 0.4281508737 0.7438979168 0.02063545112 0.02930211617
0 0.3698996742 0.7361005699 0.02163782949 0.03212974265
0 0.4110167519 0.8063839374 0.03528177045 0.04580200769
0 0.4228257585 0.7623772638 0.01639712534 0.02460125008
1 0.3945403477 0.6519036009 0.04596685259 0.05008581876
1 0.3202732318 0.5759025034 0.06320810278 0.09284346781
1 0.3818278058 0.778804135 0.02638120077 0.03739957051
1 0.3757968202 0.6854340767 0.02876445533 0.03749993005
1 0.3360264846 0.6437749129 0.02268848417 0.03405179458
1 0.35495655 0.6510339568 0.01914059648 0.02798729503
2 0.3567122055 0.5472093721 0.03528377107 0.0550346507
2 0.4009805367 0.6851579889 0.03222150241 0.03445323276
2 0.4422638704 0.7955404682 0.04554493509 0.06031775676
2 0.3204589142 0.6442146201 0.03622530391 0.05668608461
2 0.40377385 0.5925482376 0.06689110615 0.08864830365
