1 0.618316639 0.3319164294 0.04472272968 0.07328727224
0 0.7512992932 0.2949571431 0.02457039311 0.03244468787
0 0.7688650216 0.3886234356 0.03388072012 0.05131875024
2 0.6761046478 0.4378693417 0.08961349859 0.1293649329
2 0.6211153308 0.2555705729 0.07037093541 0.08633534129
2 0.6190641698 0.2244653716 0.03973057152 0.05888678572
1 0.6305927809 0.168215843 0.07800819076 0.1074965282
1 0.6872351294 0.1973474805 0.03420967906 0.06077399707
1 0.681601127 0.3510539939 0.09501843196 0.1493327769
1 0.7320829734 0.252491824 0.03228637872 0.04642329121
1 0.6624427868 0.288785746 0.06553542437 0.07643735326
1 0.7249215589 0.2253205384 0.03323806024 0.04229233927
1 0.6650189168 0.1191352706 0.0217682421 0.03061532181
1 0.7418651747 0.3192440767 0.02744028897 0.03936974756
1 0.6675074697 0.2230346663 0.05918308208 0.08276282112
0 0.5778656941 0.2628866472 0.02155402214 0.02760651815
0 0.7468622155 0.34938106 0.02205569961 0.03258068048
0 0.7007096218 0.09323797714 0.03402210923 0.04593716605
0 0.7064683362 0.4079626276 0.01401034835 0.01858066315
0 0.7790822729 0.298356543 0.02035170523 0.02453347251
0 0.7561644041 0.267489816 0.01508226156 0.01475701577
