0 0.5695367076 0.4784325246 0.016867184 0.02355472775
0 0.5904670717 0.4443190493 0.01511206661 0.0186708032
0 0.7311978233 0.5827847073 0.02018595895 0.02411613695
0 0.7066984079 0.4222429339 0.02257097781 0.02886729352
0 0.6689433698 0.6310562878 0.01742979196 0.02606307401
0 0.7105834851 0.5738309713 0.01767120503 0.02937466089
0 0.7116368312 0.6646060738 0.03165320374 0.03830131953
0 0.6817699657 0.64075161 0.01328201937 0.02262915819
1 0.6518480191 0.5299884071 0.04537159713 0.03593520047
1 0.6738898013 0.4056512893 0.05205766676 0.08433253924
1 0.7213764026 0.6175198329 0.0223094401 0.03323058519
1 0.6821845471 0.5396045698 0.02573782545 0.03145719241
1 0.6935366954 0.4722746981 0.01837325199 0.03132823071
1 0.6822255131 0.4945463287 0.01581896554 0.02535182506
2 0.6320641533 0.4153389426 0.02767676635 0.05174872216
2 0.6624682092 0.5615082337 0.0320867934 0.02423465961
2 0.6822381946 0.683616353 0.04034694128 0.0511797004
2 0.7058509949 0.4589439715 0.02833649641 0.05339597971
2 0.6167706066 0.4919345155 0.05923078038 0.07525506103
