1 0.3944387953 0.4158843504 0.07907164909 0.1157092092
1 0.2900266052 0.3180347953 0.04229924947 0.04911930831
1 0.3123862807 0.2694980897 0.02767275111 0.02803649063
1 0.3620870978 0.3099329454 0.02665091191 0.05492977823
1 0.322213352 0.3540566788 0.02138043149 0.02813942153
1 0.3530945082 0.1887428559 0.02447011948 0.03453925718
1 0.4338630129 0.3339436221 0.04484486248 0.04280646654
1 0.4161024399 0.3041696268 0.04487085214 0.0548109103
1 0.3654542254 0.368335284 0.0308520663 0.0541443464
1 0.319392773 0.3081718841 0.02900157461 0.03719758232
1 0.3709530111 0.2320685639 0.04066924293 0.07436515581
1 0.37984335 0.1551639128 0.05001360266 0.08496292795
1 0.3325218864 0.1567133579 0.01429978049 0.02471649944
2 0.2913984231 0.221153174 0.05202992695 0.07547835001
2 0.4374012917 0.246048483 0.06152129533 0.06179521382
2 0.4408441142 0.1700781405 0.04062846701 0.05281977081
2 0.29339015 0.3837608607 0.02929781034 0.05201964543
0 0.3416792272 0.419484369 0.01769736242 0.02963308703
0 0.3997112389 0.2334016917 0.01069559004 0.02468586886
0 0.4212321678 0.1996818404 0.02167712203 0.02419267096
0 0.2812819105 0.3618466654 0.01703676093 0.02274557308
0 0.347999328 0.4058092013 0.02933187535 0.0406413393
