1 0.4182364612 0.4152814656 0.0375781326 0.06719063877
0 0.2930953843 0.4025745417 0.02184653542 0.0283756875
0 0.2849711647 0.4912970879 0.02911374029 0.04631343911
2 0.3742632375 0.5216861148 0.07798395429 0.1155396722
2 0.4091571953 0.3456934254 0.06358187867 0.07407523146
2 0.4083856511 0.316832829 0.03433913739 0.05289829641
1 0.3930123159 0.2670712092 0.0686706372 0.09499096556
1 0.3435375371 0.3028229922 0.02802021264 0.0565443696
1 0.3618162182 0.4429241397 0.0808183096 0.1357931999
1 0.3071009433 0.3605569496 0.02812484381 0.04142524238
1 0.3740794925 0.382750022 0.05982215601 0.06465476076
1 0.3113527191 0.33449049 0.02979880924 0.03664088033
1 0.3572459349 0.2275356315 0.01906758597 0.02718253914
1 0.3038211222 0.4233498529 0.02391653179 0.03511401859
1 0.3638252567 0.3232420487 0.05191334598 0.07338625927
0 0.4494552955 0.345510862 0.01929594229 0.02395835288
0 0.3018077459 0.4517918366 0.01907952803 0.02924622716
0 0.3222969569 0.2094682754 0.03009499917 0.04039600856
0 0.3438588921 0.4990917051 0.0124448337 0.01626785683
0 0.2678992515 0.4101213864 0.01845514078 0.02094772028
0 0.2862896489 0.3781534892 0.01420287928 0.01178455804
