1 0.6838052776 0.5026742133 0.04374620232 0.06449138082
0 0.7541997664 0.6372764843 0.02249333932 0.03030751894
0 0.7047892961 0.6909060501 0.03231307109 0.04610358159
2 0.6417072734 0.6055521879 0.08421170985 0.1177673261
2 0.7303054848 0.4780168411 0.06312410736 0.08248531534
2 0.7480898515 0.4644178632 0.03763755729 0.05321675958
1 0.7857936917 0.456790007 0.07229812206 0.09916408698
1 0.7890442422 0.5304464818 0.0343916021 0.05242064433
1 0.6954259519 0.5800896233 0.09168777919 0.1328421713
1 0.7725074384 0.6004352418 0.03030376095 0.04230859497
1 0.7255520653 0.5361090157 0.058005239 0.07421881921
1 0.7860892148 0.582578186 0.03011346812 0.03995202679
1 0.8275563802 0.4772614998 0.02029667438 0.02807700159
1 0.7362991813 0.6356087454 0.02573840128 0.03590214322
1 0.766564888 0.5178285025 0.05508891163 0.07602491535
0 0.7102136642 0.4325291991 0.01956347339 0.02602648332
0 0.720163271 0.6521351027 0.02087227735 0.02947072552
0 0.8559679426 0.5075744327 0.0313453887 0.04262913603
0 0.6705695355 0.6284760963 0.01284180609 0.01733434491
0 0.7622815129 0.6694434371 0.01817012354 0.02357005132
0 0.7723329172 0.6327006607 0.01279084825 0.01522341993
