1 0.6210503498 0.4776856029 0.03500839228 0.07037193616
0 0.7394784113 0.5677539364 0.02201740098 0.02797922321
0 0.7082880981 0.6543972785 0.02801746229 0.04757123373
2 0.6145285218 0.6093691345 0.07637405028 0.117119146
2 0.6594552571 0.4222648387 0.06540476081 0.07113304534
2 0.672681768 0.3968507652 0.03331523227 0.05401876087
1 0.7081576165 0.3644255002 0.06830460355 0.09496312062
1 0.7372749468 0.4368247248 0.02510025891 0.06027073464
1 0.6599550898 0.5484034308 0.0766488498 0.140804159
1 0.7450843331 0.518479266 0.02758225139 0.04194358927
1 0.67501602 0.4841602671 0.06232245634 0.06082725144
1 0.7525653232 0.491510581 0.03035337469 0.03566636996
1 0.7575936825 0.3577728233 0.0188402828 0.02734434174
1 0.7207809024 0.5777965435 0.02347269657 0.03553110325
1 0.710104618 0.4387877644 0.05139120889 0.07369630361
0 0.6231747301 0.3894041877 0.01961892027 0.02337605381
0 0.710248892 0.6050924648 0.01853323789 0.02983827433
0 0.7969713987 0.3698270897 0.03012681219 0.04012447706
0 0.6517712549 0.6136514785 0.01252601094 0.01606380728
0 0.7589355365 0.5950061558 0.01907042812 0.0199774629
0 0.756221884 0.5512413837 0.01535198345 0.01012644706
