0 0.3892153456 0.4890159331 0.0203483921 0.02828109775
0 0.3552966426 0.4700618293 0.01799172997 0.02273742648
0 0.2683233245 0.7087634766 0.02395148063 0.02949129405
0 0.2311324049 0.5313994932 0.0269684666 0.03500881644
0 0.3488065364 0.7121903026 0.02119656126 0.03106600781
0 0.2854085317 0.6850749924 0.02178037166 0.03465056584
0 0.3191778641 0.7761875604 0.03760557698 0.04676349587
0 0.3397576931 0.7310348682 0.01642470584 0.02663263752
1 0.3270575044 0.5993337226 0.05203820553 0.04675566229
1 0.2574261812 0.4913676328 0.06394624606 0.09972281805
1 0.2914226247 0.7362990335 0.02711805521 0.03962522883
1 0.3005489094 0.6306502521 0.03060866576 0.03835960136
1 0.2634238335 0.5717670741 0.02272303651 0.03686803435
1 0.2832255259 0.5858286356 0.01940458117 0.0300095713
2 0.3027752483 0.4710309596 0.03467735631 0.06040824222
2 0.3285759571 0.6383208969 0.03668547872 0.03180552446
2 0.3557328826 0.7740380568 0.04816617393 0.0621288822
2 0.2460530246 0.5673243035 0.03554465382 0.06229047557
2 0.347377559 0.5363121047 0.07072163956 0.09133723882
