0 0.3813617033 0.3263675079 0.02017423613 0.02767482485
0 0.3746672432 0.2834660023 0.01719247014 0.02311761319
0 0.2054147132 0.3151512468 0.02266617358 0.03031163777
0 0.2809623061 0.1908882558 0.02603409469 0.03520430207
0 0.2432933453 0.3964584887 0.02147204155 0.02978570436
0 0.2263805185 0.3203699442 0.02283975459 0.03223268613
0 0.1948035127 0.3987107495 0.03571841234 0.0478656814
0 0.2288550849 0.3968007624 0.01736652637 0.02460634446
1 0.2923089235 0.3192849466 0.04431892431 0.05553363424
1 0.3151211159 0.1971562215 0.06648481471 0.09343584911
1 0.2022305901 0.3515819631 0.02743652394 0.03803549351
1 0.2626577166 0.3085062526 0.02915710154 0.039136767
1 0.2755187915 0.242740681 0.02403246099 0.03405557079
1 0.2778409496 0.269264176 0.02010337809 0.02820335675
2 0.3482517584 0.2319877 0.03785463396 0.0544421051
2 0.2724195452 0.340014729 0.0309147714 0.03846066474
2 0.2139695532 0.4338123405 0.04638428789 0.06263858986
2 0.2693036923 0.2233657015 0.03890704991 0.05602510233
2 0.3356914737 0.3083053955 0.06813786075 0.09203943492
