1 0.6412365938 0.4498545985 0.08558694306 0.1263453133
1 0.7650141419 0.3480227123 0.04643783042 0.0528001981
1 0.741939534 0.2906667024 0.03058974821 0.02980036951
1 0.6833240479 0.3321422812 0.02803256456 0.06101888344
1 0.7265683782 0.3860875845 0.02330301673 0.03052055666
1 0.6995537846 0.1949143197 0.02655126034 0.03763130081
1 0.6003721202 0.3528702276 0.04970630814 0.04525180956
1 0.6220752218 0.3205913727 0.04912274886 0.05914086477
1 0.6766038067 0.3983625818 0.03293428801 0.0597086656
1 0.7320477648 0.3340766391 0.03165917219 0.0402746452
1 0.6770698109 0.2426220455 0.0432610884 0.0821703903
1 0.6707403479 0.154192866 0.05353264874 0.0935415058
1 0.7245717283 0.1603255717 0.01528426047 0.02723593358
2 0.7682363179 0.2375299982 0.05635076428 0.08237334578
2 0.6006824586 0.2524148237 0.06803361696 0.06563256011
2 0.6005125803 0.1655527809 0.04431524399 0.05724197388
2 0.7579362673 0.4225864241 0.03124431251 0.05739843314
0 0.7011617051 0.4588252044 0.01896461844 0.03260085199
0 0.6442430236 0.2414864438 0.01111505837 0.02754477917
0 0.621392107 0.2010869871 0.02384809406 0.02592503691
0 0.7728121236 0.398739646 0.01855224163 0.02469372753
0 0.6946373496 0.4426633345 0.0318653606 0.04422820743
