0 0.6111008124 0.4726479056 0.01487555178 0.02090916778
0 0.6345564158 0.4431344958 0.01356812084 0.01625202188
0 0.7584168097 0.6017394624 0.0182050092 0.02086883091
0 0.7494096359 0.441694044 0.02016802143 0.0252742264
0 0.6935464799 0.6378892328 0.01520147659 0.02336361594
0 0.7392311407 0.5895033775 0.01512041856 0.02669663989
0 0.7319001789 0.6777967476 0.0284989552 0.03321895811
0 0.7051046156 0.6495059075 0.01131038362 0.02062728306
1 0.6862532005 0.5368463111 0.04272469633 0.02827203888
1 0.7190902798 0.4199470843 0.04476095696 0.07639943854
1 0.7456870642 0.6337666687 0.01947004528 0.02977281215
1 0.7148149017 0.5513972954 0.02314204691 0.02733088051
1 0.7320299413 0.4879947412 0.01564339093 0.02855949825
1 0.7190010659 0.507667876 0.0136288278 0.02293568758
2 0.677600093 0.4221578808 0.02311423248 0.04766886362
2 0.6936612962 0.5692678405 0.03033139748 0.01879177168
2 0.7016145617 0.69119374 0.03609324963 0.04474846418
2 0.7452097376 0.4771727343 0.02362431713 0.04922711818
2 0.6557066165 0.4938765341 0.0529742085 0.06581619212
