1 0.3956480708 0.3871910536 0.02713220207 0.06200037212
0 0.2730782195 0.4221181071 0.01866122967 0.0231658204
0 0.2831612062 0.5102613522 0.02257244618 0.04111410374
2 0.374914218 0.5057877689 0.06276338209 0.09986574438
2 0.3729218415 0.3238744876 0.05661061053 0.05716678968
2 0.3663676629 0.2964877342 0.02709060395 0.04641134243
1 0.341599681 0.2545542276 0.05709177419 0.07980402824
1 0.3013560922 0.3074662798 0.01849008711 0.05399619321
1 0.3471101381 0.4349413149 0.06070656216 0.1228432815
1 0.2780446225 0.3765505703 0.02270149901 0.03572238738
1 0.3467478727 0.372617659 0.0546250319 0.04771208832
1 0.2768707005 0.3499522124 0.02601167035 0.02911119337
1 0.2993349743 0.2301050121 0.01563454871 0.02313111895
1 0.2875495738 0.4380035545 0.01933515377 0.03024134271
1 0.3249255862 0.3194101972 0.04273432398 0.06222850623
0 0.4115308165 0.308528032 0.01678095677 0.01913014883
0 0.2913486883 0.4660373227 0.01509131506 0.02561216371
0 0.2621791533 0.2259360201 0.02535395965 0.03348716349
0 0.3412046632 0.4955663889 0.01060230887 0.013321343
0 0.2504355966 0.4388413161 0.01658115425 0.01592641752
0 0.2616316628 0.4012606075 0.01393246046 0.007030522127
