1 0.521092021 0.3101141349 0.04639021536 0.06931145647
0 0.6430096351 0.2498414848 0.02405027753 0.03232241332
0 0.6691629461 0.3350213579 0.03437216972 0.04941485882
2 0.5865136687 0.3992417531 0.08974298644 0.1260095385
2 0.5159520163 0.2374237512 0.06767117159 0.08772254187
2 0.5108415332 0.208416037 0.0400694294 0.0569950736
1 0.5160017358 0.153055803 0.07718133133 0.1059246429
1 0.5725069581 0.1697953394 0.03635117311 0.05648946724
1 0.5828558391 0.3161422071 0.0973903363 0.1425667339
1 0.6205173622 0.2133679293 0.03229906325 0.04526316222
1 0.5583990195 0.2609411816 0.06229276819 0.07877502016
1 0.6109781541 0.1890521024 0.0322409665 0.04254831082
1 0.5435342008 0.1001078414 0.02165108649 0.03001361671
1 0.6365697173 0.274593657 0.02743535611 0.03840631066
1 0.5564810511 0.1978324746 0.0587775802 0.08125179784
0 0.4758213492 0.2525800717 0.02094068541 0.02772476738
0 0.6443657205 0.3021249087 0.02222374433 0.03155934035
0 0.5746258996 0.06883020884 0.03348774874 0.04550105114
0 0.6121617741 0.3651897969 0.01372852051 0.01848976575
0 0.6696149176 0.2477600492 0.01949097006 0.02504944094
0 0.6448069171 0.2229540845 0.01381539529 0.01604244699
