1 0.5325100985 0.4053990284 0.03952058501 0.06510589516
0 0.6508444374 0.373861693 0.02178588562 0.02873890662
0 0.6659608569 0.4572459108 0.02997922452 0.04554476143
2 0.5832957447 0.5000909965 0.07935406936 0.1147358765
2 0.5353949627 0.3376008837 0.06245790044 0.07638658931
2 0.5337350816 0.3099471019 0.03516759759 0.05224630435
1 0.5442706816 0.2600876354 0.06912549491 0.09527816921
1 0.5944395222 0.2865206231 0.0301860826 0.05404008341
1 0.5886319648 0.423018101 0.08402582983 0.1325937605
1 0.6339943756 0.3359481753 0.0285918014 0.04117132595
1 0.5719367802 0.3675122826 0.05820341687 0.06757238992
1 0.6277740251 0.3117394248 0.02948628936 0.03744051292
1 0.5751109576 0.2168204053 0.01928370533 0.02714338239
1 0.6423364188 0.3953461107 0.02430106112 0.03491471923
1 0.5767794413 0.3091486117 0.05243262333 0.07337116333
0 0.4969339179 0.3436785813 0.01911939361 0.02444196622
0 0.6466184652 0.4221684662 0.01952367531 0.02890536246
0 0.6069536598 0.1941614705 0.03015694737 0.04070375742
0 0.6104268689 0.4738181408 0.01242183206 0.01645947745
0 0.6755090143 0.3771527217 0.0180672995 0.02170015299
0 0.6553099637 0.3495072537 0.01342152943 0.01300284573
