2 0.6313045249 0.4003780122 0.08589177373 0.1189189688
2 0.5497058816 0.264007377 0.06172643735 0.08000570112
0 0.7056997371 0.327720102 0.02990518605 0.04245091604
0 0.6766154157 0.3735611069 0.01364072867 0.01914819519
0 0.6756498017 0.3026172717 0.01936016626 0.02726740537
0 0.6303792677 0.1773288929 0.02925690841 0.03969419896
2 0.6880007823 0.3532998648 0.04732577819 0.06462854187
1 0.6603319293 0.1699170407 0.04949299157 0.06986249951
1 0.5492869474 0.3295474958 0.05015920768 0.07077323111
1 0.5700014969 0.1088971844 0.02234267391 0.03047610677
2 0.5025335104 0.2053694148 0.05268891043 0.07095800003
1 0.5434289398 0.145375919 0.07214433945 0.100827374
1 0.5840591535 0.1558594769 0.02487639867 0.03520903554
1 0.5607527255 0.1923223559 0.01827980738 0.02555671833
1 0.586261937 0.2099881794 0.05799296845 0.07964504293
1 0.6518879394 0.311679983 0.04453626966 0.06388820137
1 0.6288048171 0.2566020748 0.04318713577 0.0625449355
1 0.6744751053 0.2152855529 0.02993982619 0.04012673323
1 0.6625562107 0.2766967267 0.02296775427 0.03189843763
1 0.6967093742 0.2690193498 0.02461659289 0.03465346397
1 0.6429538655 0.1957578883 0.02940351296 0.03949378742
1 0.6027642444 0.3252957199 0.06138961887 0.08365369976
