1 0.6454807629 0.409692163 0.1086537995 0.1523071507
1 0.723609989 0.2504609395 0.0541578395 0.06972052466
1 0.6860394914 0.2130320414 0.03415887374 0.04184221368
1 0.6470075973 0.2825048914 0.04156586882 0.06598951479
1 0.7012821666 0.3055764337 0.02840231817 0.03828727396
1 0.6199207635 0.1527228844 0.03323097144 0.04596674428
1 0.5803281713 0.347443192 0.05454027769 0.0653896323
1 0.5896805956 0.3068432734 0.05829007142 0.07644797217
1 0.6610557219 0.3445061203 0.04518686414 0.06770369677
1 0.690425289 0.2567659608 0.03822467854 0.05104052548
1 0.6145314862 0.2073266324 0.06049403729 0.09199954863
1 0.5823180417 0.1331499245 0.07237949645 0.1071686256
1 0.631491275 0.1082254534 0.02082621343 0.03103154844
2 0.6931446708 0.1515082438 0.07129059615 0.09961295887
2 0.5503277935 0.258954498 0.07577509457 0.09253053131
2 0.5240017309 0.182686653 0.05376936697 0.07215562048
2 0.7398580729 0.3199985648 0.04309760009 0.06484762836
0 0.7008664407 0.383830815 0.02547774419 0.03752511479
0 0.5853300641 0.2248151832 0.01750109825 0.028912892
0 0.5530662429 0.2021674195 0.02745027852 0.03482861839
0 0.7457495107 0.2906564512 0.02273232064 0.03080591634
0 0.6902601117 0.3732966286 0.03959739032 0.0544001247
