0 0.4590817245 0.3257020397 0.02127312442 0.02909938532
0 0.4550740678 0.2801143509 0.01798210103 0.02450762822
0 0.2764477155 0.2912416667 0.02365495722 0.03220682847
0 0.3638048435 0.171483606 0.02729206478 0.03723454675
0 0.3103029159 0.3808996401 0.02274559403 0.03117728327
0 0.2979415174 0.2993948099 0.02436733116 0.03350566216
0 0.2596001734 0.3769726443 0.03730778234 0.05081481604
0 0.2952284804 0.3793880586 0.01855879291 0.02553740936
1 0.3667417511 0.3067952126 0.04507769435 0.06064715722
1 0.3989786415 0.1824377606 0.0708084662 0.09728882779
1 0.2706058177 0.3288057418 0.0290562767 0.03982269238
1 0.336579122 0.2917222874 0.03047457704 0.04152010806
1 0.3545398092 0.2248312067 0.02568374051 0.035342365
1 0.3551238116 0.2527803313 0.02139522101 0.02938700949
2 0.4311027307 0.2230340485 0.04070714426 0.05616753767
2 0.3445731942 0.3258305834 0.0313569419 0.04213202775
2 0.2771485751 0.416043422 0.04859915286 0.06628750302
2 0.3494027159 0.2038300755 0.04186070063 0.0577723312
2 0.4127248945 0.3009637999 0.07139908875 0.09739049981
