0 0.4181426236 0.3313201123 0.02223632681 0.03050146598
0 0.4108417692 0.2840245541 0.01894603499 0.02548389649
0 0.2242853032 0.3183797877 0.02497670142 0.03341614348
0 0.3077512874 0.1817030743 0.02869105945 0.03880555227
0 0.2658803308 0.4080978621 0.02366943962 0.03282433107
0 0.247378439 0.3241995427 0.02518153369 0.0355150005
0 0.2124450862 0.4104195086 0.03936024595 0.05276695256
0 0.2499701122 0.4084273343 0.01914791562 0.02711101506
1 0.3200272981 0.3232217009 0.04880669866 0.06126325465
1 0.3453800271 0.1887225939 0.07329841901 0.1029547523
1 0.2207123171 0.3585125174 0.03024411998 0.04191599311
1 0.2873734868 0.3112466662 0.03213045887 0.04314351507
1 0.3016614098 0.2388216246 0.02649765042 0.0375220283
1 0.304173339 0.2680557064 0.02216324883 0.03107713855
2 0.3818253453 0.22721304 0.04174408559 0.0599752083
2 0.2980744282 0.3459983007 0.03404300601 0.04243211613
2 0.2335022408 0.4491614764 0.05111746032 0.06904718297
2 0.2948471906 0.2174516828 0.04290519144 0.06171836586
2 0.3678502174 0.3112665294 0.07509101843 0.1014557776
