1 0.3442592084 0.4217250772 0.08491108065 0.1226161835
1 0.2481345414 0.310583907 0.04445197758 0.053291451
1 0.2738214797 0.2656279527 0.02876969234 0.03091901489
1 0.3200283398 0.3124546049 0.02982959316 0.05666280331
1 0.2773364186 0.350641237 0.02272019617 0.03012457306
1 0.3200285436 0.1913114333 0.02618080534 0.03672413645
1 0.3892828705 0.3460594213 0.04642281598 0.04757586237
1 0.373895993 0.3141632689 0.04736003305 0.05913566174
1 0.3190719918 0.3707017317 0.03381416159 0.05650328203
1 0.2779145029 0.3048543578 0.03074502409 0.03992666042
1 0.3345173512 0.236629521 0.04480123826 0.07736296533
1 0.3489600668 0.1617573764 0.05460191764 0.08889186554
1 0.3020249336 0.1567977922 0.01564388697 0.02582401429
2 0.2566048978 0.2149143427 0.05582221984 0.0800478363
2 0.3992370065 0.2595786158 0.06391935095 0.06822353314
2 0.4082211779 0.1848834896 0.04312478662 0.05661645457
2 0.2466369414 0.3760768722 0.03215650052 0.05423722409
0 0.2917928874 0.418048271 0.01928818143 0.03103944699
0 0.3628737857 0.2418942804 0.01217197616 0.02528272168
0 0.3866429896 0.2114835182 0.02270589896 0.0263673544
0 0.2362655984 0.3527329759 0.01812888078 0.02431535649
0 0.2990502266 0.4053847596 0.03132467442 0.04328870567
