1 0.4240997953125001 0.6175582677083333 0.035699590625000076 0.043449868750000085
2 0.5938884765625 0.5926283229166667 0.12527695312500003 0.12692331249999994
0 0.53627123984375 0.5935033885416667 0.04441747968750001 0.05784011041666671
1 0.380311521875 0.5959823083333333 0.04499804374999999 0.054464616666666764
0 0.43958824765625004 0.5854431510416667 0.04167649531250009 0.0458863020833333
1 0.5672564156250001 0.5688675166666667 0.04076283125 0.04190170000000002
1 0.65819220546875 0.5436073895833333 0.11950941093749999 0.13721477916666663
0 0.32486863671875005 0.570666725 0.05911227343749999 0.07466678333333335
1 0.5304263414062501 0.5502935239583333 0.017102682812500002 0.021420381250000037
1 0.54193613359375 0.5469069989583333 0.033872267187499985 0.035480664583333286
1 0.4888092687500001 0.5385540947916667 0.04636853750000008 0.06044152291666668
1 0.43884113437500005 0.516388596875 0.04018226875000002 0.04527719375000008
0 0.36247704921875 0.5249864833333333 0.03432909843749998 0.037472966666666704
2 0.5638245898437501 0.5038665385416666 0.07139917968750008 0.08689974374999991
2 0.3110262796875001 0.5237351791666667 0.07517755937500002 0.09747035833333335
0 0.38132532343750003 0.5063589729166666 0.03765064687499997 0.04605127916666666
1 0.50577289453125 0.4896131625 0.05529578906249997 0.08755965833333335
2 0.44140275703125004 0.49342944270833333 0.05155551406249997 0.053525552083333316
2 0.65974765546875 0.4699726416666667 0.07887031093749997 0.08994528333333338
1 0.4877801453125001 0.46286498333333337 0.028685290625000005 0.04239663333333337
0 0.6568357492187501 0.43065634791666674 0.05429649843750006 0.06547936250000005
1 0.5634494898437501 0.43322466875000004 0.10502397968750002 0.13311600416666672
1 0.31497307421875 0.44008875 0.07057114843750001 0.10101083333333331
0 0.6286271531250001 0.39720301041666667 0.03225430625000003 0.040239354166666706
1 0.3398843578125 0.40601387083333335 0.13914371562499994 0.15786107500000005
1 0.5262844515625 0.3843543385416667 0.09319390312499998 0.12287534374999999
0 0.5926896539062501 0.3576196770833333 0.03225430781250003 0.04023935416666665