221.4362909999909 307.03875900001066 217.72990500365268 277.2243658367385 264.23397999998997 273.97279699999245 267.940605022668 303.78698960230764 HTEL 0
322.0903927690233 284.2295950134031 346.08301993044734 283.2859828060882 347.5989848360041 304.9653750145772 323.60635809236555 305.9089832323416 Steel 0
196.37164320447482 263.98049152731375 219.36457932279154 263.0761846333375 221.08768148151285 287.7178184588159 198.09474578942172 288.6221212835902 HTEL 0
263.6827639999683 309.09680799998387 258.1235139203636 264.3748783526294 332.36833499999193 259.183960000014 337.92814495966013 303.90541986762094 Ni-Net 0
148.91712834811187 244.78631089357214 186.905461067945 243.2922262893848 189.49755727378943 280.3612036299094 151.50922556204023 281.85527860717207 Ni-Net 0
232.1465638657537 259.50457306040306 254.13980590325082 258.6395797678257 255.7212687284482 281.2556424426512 233.72802705765935 282.1206322337111 HTEL 0
251.37717831072223 262.1390155608493 274.370114011399 261.2347066849124 275.9537043104501 283.8812100613974 252.96076899736363 284.7855152360823 Steel 0
177.29725850098475 249.244657443306 201.2898831134953 248.30102079888576 202.66633402949083 267.9852597027371 178.67370975000085 268.9288931671525 Steel 0
333.9727320000384 282.1279330000085 332.2430087279645 268.21464709074263 351.94986000002245 266.83666300002255 353.6796279333794 280.7499114346924 HTEL 0
108.23739500003285 250.79811599998186 105.27229459599766 226.94669604349716 141.4779819999967 224.41510300000255 144.44320416769187 248.266420785641 Steel 0
297.0140800000081 269.6757050000217 294.7901931531669 251.7871739200212 320.6975640000019 249.97564099998013 322.92152230467764 267.8641121206666 HTEL 0
254.41882500002976 262.6298370000118 252.19496864396206 244.7412669686891 284.08769499998016 242.5112330000146 286.31163686652144 260.399731280573 Ni-Net 0
202.42695499997353 250.22639199999156 199.21484388498357 224.38721926816297 250.49148899997817 220.80190300000447 253.70378529078152 246.64092035280413 HTEL 0
100.59591100987745 198.8621313201511 144.58239759027492 197.1320901901597 147.53604277146223 239.37147212655356 103.54955730115762 241.1015026567818 Ni-Net 0
156.0716870000033 232.41658799999323 153.10664236851153 208.56511251685387 197.29278599996178 205.4755229999839 200.25796756373893 229.3268835840557 HTEL 0
298.84188600000925 238.4721940000236 297.1122050856502 224.55891026560613 317.8165760000411 223.1111680000157 319.5462963672617 237.02441862970932 HTEL 0
133.63698200002545 226.96828300001073 125.73098379645671 163.3636725069103 232.9192289999628 155.86951000001318 240.82600164612813 219.473470663539 HTEL 0
298.30480700002227 216.45602800000077 296.08097590979014 198.5675046796711 322.9858560000139 196.6862070000163 325.209746088658 214.57468081479323 Steel 0
265.1327373457025 186.4765150652326 305.1204436855187 184.90373357972075 307.368018779016 217.0457046145858 267.38031314627733 218.6184793482312 Ni-Net 0
255.6830834707216 166.02485516933297 297.67018714526785 164.3734270503227 301.2473772058729 215.52998538998298 259.26027464854997 217.18140283978434 Ni-Net 0
105.81689300001017 201.8477209999769 98.528320850819 143.2126143093647 185.49663999998302 137.13189900000765 192.78572504415934 195.76657532027585 Ni-Net 0
326.49554210125643 175.19910552494474 365.48356285711634 173.665640297648 368.4963222818624 216.75037795656257 329.50830242349184 218.28383461264585 Ni-Net 0
293.5718404643558 163.1070363256067 311.5663042835513 162.3992729495145 312.72071569081163 178.90815302488696 294.7262520100776 179.61591507826876 HTEL 0