254.98738656977366 182.85666999577592 272.9870447254507 183.03339080976005 272.74031242566707 197.16868100417935 254.74065427821188 196.99196050400096 HTEL 0
408.6557768818602 171.53641584739876 407.6324880000175 204.52399499999612 338.19536107534077 203.31217124858154 339.21892699996533 170.32480500002654 Ni-Net 0
327.01132511712785 182.11354799133173 348.0109255100251 182.3197216152357 347.65907984583464 202.47700300830422 326.65947946668894 202.27082991274784 Steel 0
225.76492123575008 195.34857099249672 247.7645037898037 195.56456091495477 247.44742972688982 213.72978201695418 225.44784718673327 213.51379262505995 HTEL 0
285.91078207020473 198.39867753022688 285.4765459999908 212.39327800001263 264.28980166485417 212.02347929515062 264.72407699999167 198.02890899999326 Steel 0
368.9272521141538 195.84712161900583 368.58607199996186 206.84289400000952 345.44033785037755 206.43891099357722 345.7815510000364 195.44316399997365 HTEL 0
447.5314318871824 185.21699680032972 446.26004799996736 226.2014400000119 384.71316913077317 225.12727453960844 385.98488700001326 184.1430880000081 HTEL 0
189.5260704094835 208.71815198438475 217.52553939753852 208.99304627193246 217.08549851930002 234.2030110149161 189.08602955780225 233.9281177420329 Steel 0
331.539348879669 209.19669799881834 339.5391971107165 209.2752390182448 339.41596511460375 216.33525102076072 331.4161168855935 216.25671007933363 HTEL 0
353.6716455536225 209.58298000685045 353.3614739999757 219.57912800000273 334.2286939830228 219.24518265646657 334.5388919999823 209.24905499999173 HTEL 0
299.47441186879587 212.63761198889392 321.4739948276838 212.85359945070036 321.10456408372556 234.0183660204571 299.10498114244547 233.8023792336036 HTEL 0
289.3516951914353 230.4636091502116 288.9174590000039 244.45821399999724 268.7305595490034 244.10586960568273 269.1648390000046 230.1112980000252 HTEL 0
241.21360358039965 235.62428073837663 240.8724120000261 246.62004200000422 222.725907391723 246.30331041736304 223.06712999998126 235.30757300002145 Steel 0
342.3980529036635 217.3874559794188 378.397369543527 217.74088897406176 377.9039059890056 246.01147801952771 341.90458938930533 245.65804655546404 Ni-Net 0
181.17823893866444 228.57548596994474 216.17757533094846 228.91909816341501 215.59698393124563 262.1812940287775 180.59764758749225 261.8376836894607 Ni-Net 0
234.97804035490844 240.5162409936665 253.9776790713222 240.7027729813564 253.71336159514613 255.84555200584282 234.71372289081046 255.65902048161905 Steel 0
314.210339786805 227.89711296845397 336.2099238680821 228.11309764521107 335.6136131290259 262.2758880307192 313.6140290790354 262.05990454956105 HTEL 0
298.1583222741756 241.61896055824195 297.72411199999624 255.61360999998317 269.53843650306226 255.12167585654242 269.9727100000018 241.1270750000181 Ni-Net 0
444.6090212866693 227.17257099900732 443.7716850000288 254.162271000027 403.4114867800963 253.45785617960337 404.24899199999345 226.46828600001803 Ni-Net 0
308.809698239711 250.806347992536 320.80947048874805 250.92415705734777 320.52863299999444 267.0133400000003 308.52886075947026 266.8955312596423 HTEL 0
409.86412367914454 248.56964998703262 436.86361125524854 248.83471934634233 436.49351425337954 270.037667012305 409.49402670245036 269.7725986165048 Steel 0
339.92713907471625 244.34843894182825 390.9261737111956 244.84912341133986 390.1514756330289 289.2318110454847 339.15244109914056 288.7311304955478 HTEL 0
191.51337054470787 266.76167495626044 222.51278441719478 267.0660080460471 221.86291832229472 304.29706404243365 190.86350450583268 303.99273309158883 HTEL 0
401.46393845716375 271.42652899467066 417.4636348110653 271.583605857739 417.2346210000251 284.70378700000015 401.23492465601885 284.5467105158036 Steel 0
261.99996241746703 275.992447010947 260.5428319999919 322.97496699999414 187.91627250997408 321.70756628807544 189.37406099998043 274.725551999997 HTEL 0
322.44106008023664 272.0474829418835 365.4402477104304 272.4696196135318 364.70152167639753 314.79154005572633 321.70233413693495 314.36940684986365 HTEL 0
381.08303141532815 293.0741289942603 396.08274712547427 293.2213854602371 395.85386755767104 306.3339360152918 380.854151857493 306.1866799319196 Steel 0