1 0.58447258359375 0.6100324427083333 0.03144516718750001 0.03673155208333334
2 0.4116611398437501 0.6015571677083335 0.11707227968750003 0.09894766875000004
0 0.46797989609375 0.5960239729166666 0.03908479218750003 0.050381279166666695
1 0.6263195984375001 0.581629240625 0.040139196875000054 0.046591814583333266
0 0.567246609375 0.5773509197916666 0.03761821875000004 0.03803517291666658
1 0.43796409843750006 0.5765106791666668 0.03842819687500008 0.03218802500000007
1 0.34617771953125004 0.5597017281249999 0.10798043906250002 0.11107012291666661
0 0.6786798890625001 0.5502255177083333 0.05110977812500002 0.06295103541666668
1 0.472653553125 0.5522555145833333 0.01405710624999994 0.0170110291666667
1 0.46119564296875004 0.55088451875 0.03176628593749999 0.026769037499999964
1 0.5141862421875001 0.5347157666666666 0.040872484375 0.05276486666666666
1 0.5633499781250001 0.5084379677083334 0.03607495625000006 0.03770926875
0 0.638002571875 0.5071088697916667 0.03225514374999996 0.030884406249999982
2 0.43690429921875007 0.5118945052083334 0.0644335984375 0.07378901041666666
2 0.69051815625 0.4993432072916666 0.06541131250000003 0.08201974791666658
0 0.6172658468750001 0.4916083489583334 0.03453169374999998 0.03738336458333335
1 0.4945494468750001 0.488891490625 0.04534889375000004 0.07778298124999997
2 0.55714524453125 0.4857704302083333 0.04866548906250001 0.04237419374999997
2 0.33830611093750007 0.48651747395833334 0.070362221875 0.07303494791666663
1 0.5096525085937501 0.46008356979166665 0.022430017187500085 0.036833806250000004
0 0.33991940000000004 0.44803052916666664 0.048588800000000015 0.05439439166666666
1 0.43245583437500007 0.439296553125 0.09303666875000004 0.11192643958333334
1 0.6786677023437501 0.41633560625 0.060460404687500004 0.09100454583333335
0 0.36393489140625007 0.41181552083333334 0.027869782812500035 0.03196437499999997
1 0.65239616796875 0.3895294322916667 0.1266673359375 0.12905886458333338
1 0.4682258523437501 0.38593524791666667 0.08020170468750001 0.10520382916666667
0 0.39843210625000003 0.3670110291666667 0.028114212500000058 0.03402205833333335