422.5039469767944 275.4128559598232 419.7186839999631 305.3083750000008 373.56492703431286 302.8896927555575 376.3504339999781 272.9943720000051 HTEL 0
294.67639849317493 283.73460186715647 318.67227019516577 284.441902603982 317.5444598413742 305.9618861132286 293.5485883725778 305.2545883455918 Steel 0
421.02283156084013 261.31634083967253 444.0188772702095 261.99418143392336 442.7352587616042 286.4871761698302 419.7392132884852 285.8093385841145 HTEL 0
381.69215497335244 263.259827243071 377.5145650000195 308.10341299999396 303.7901923343452 304.2400145302648 307.96835599998303 259.39689499999236 Ni-Net 0
453.13173241433105 240.96890465849302 491.1251997410727 242.0888256718771 489.19558112014784 278.9083342688306 451.2021143504535 277.78842034673727 Ni-Net 0
386.1754715040297 257.4873228674734 408.1716869382217 258.13569497173563 406.9939369603526 280.6085630872602 384.99772172981466 279.96019357659793 HTEL 0
365.993536449605 260.4351218658706 388.98958029087225 261.1129633756086 387.81063303489645 283.60869811893286 364.8145894091431 282.9308593534414 Steel 0
438.8369117847469 246.22797890522446 462.83278113842243 246.93529963329422 461.8096426806733 266.4580030790177 437.81377351093397 265.75068469284105 Steel 0
308.06450328258506 268.41422799481455 306.7646290000266 282.3653739999813 287.22345188951294 281.34128676144405 288.52337199998146 267.390178000013 HTEL 0
534.1470389294409 223.18438729033167 531.9188059999578 247.100705000023 495.9944780157821 245.21805470359521 498.22283399997104 221.3018370000261 Steel 0
345.1715608737868 251.33281778123222 343.500331000032 269.27002599998946 317.80533694771293 267.92344374729277 319.4766399999935 249.986294999997 HTEL 0
387.6373318019614 243.54459504875453 385.9661320000305 261.48184099999827 354.27937571672373 259.8212698558896 355.95066300003964 241.88409499997368 Ni-Net 0
440.1474554777815 222.26343214071386 437.7336130000185 248.17290100001324 386.74883958250575 245.50105130913548 389.1628710000077 219.5917360000059 HTEL 0
494.6427445792506 194.07715963386727 538.6351784394355 195.37394597470134 536.4366937631712 237.32375431726842 492.4442605126387 236.02697573952457 Ni-Net 0
485.9991869689111 205.64043309378008 483.7709979999636 229.5568000000194 439.8576620133099 227.25549892657074 442.08598999997776 203.33924499998955 HTEL 0
342.4280726609868 224.15202364644497 341.12822800001595 238.1031660000092 320.58845593070146 237.02674351382365 321.8883410000126 223.07563400000237 HTEL 0
512.0484231671435 159.94032742400424 506.1071990000346 223.71778399997962 399.65721897620824 218.13937272226292 405.59922799999185 154.36255400000667 HTEL 0
342.95218195773487 198.14378430056232 341.28098900000623 216.08098100002564 314.5874156025093 214.68206257990235 316.2586690000171 196.74491499998263 Steel 0
333.91573230219365 184.65244180256303 373.90884811880824 185.83134979997018 372.23850961796416 217.70339513612555 332.245394194033 216.524492139691 Ni-Net 0
341.00655500973517 163.99523652864121 382.9993350930454 165.2330949910393 380.33222734360606 216.1248244228165 338.339447882463 214.886973881639 Ni-Net 0
538.961921836526 139.32100808665734 533.4846370000014 198.1155209999971 447.2097768099775 193.59425226921732 452.6875779999682 134.8001589999985 Ni-Net 0
273.3656762256578 174.4695406529173 312.3589697510761 175.6189771042204 310.11414044674893 218.4530843079462 271.1208474239538 217.3036542559878 Ni-Net 0
327.0780914883653 162.2639049554405 345.074992268419 162.7944219657209 344.2160502580373 179.1840240076056 326.21914955510874 178.65350797940107 HTEL 0