377.92105000000447 311.099590999985 366.813396790094 286.04220064227883 414.08217099997273 274.25704299997625 425.18994776371983 299.31425224077657 HTEL 0
290.0365961757052 285.1659515373495 312.9399555189593 281.9542018605342 318.3648996185366 303.712590636882 295.4615453479346 306.92432647534474 Steel 0
416.91849193412054 269.09861965724315 438.82605141800013 266.02647817349265 444.9512460137339 290.59344184290063 423.04369173674786 293.66556912200195 HTEL 0
311.46492200001376 313.2403739999953 294.59796676361293 275.18992312089665 370.4371209999954 256.28179500002176 387.30436911966535 294.33181654879564 Ni-Net 0
447.85809207576676 252.64932745458762 483.7068332226045 247.62215145130202 492.850138170179 284.294268843122 457.00140922519495 289.3214115593216 Ni-Net 0
382.53312557448226 263.4605535701611 402.44908200678765 260.6676832127597 408.03943509257806 283.0894786927777 388.12348287909117 285.88233754113844 HTEL 0
362.3504431641777 265.1835422471587 384.2579941821896 262.111389188167 389.89934909550357 284.73774834895016 367.9918027894746 287.80988855370157 Steel 0
441.0033129999647 274.7591439999791 434.0096911252476 258.98234957353435 459.2074429999775 252.69991300000817 466.2011022421939 268.476652649254 Steel 0
288.2012969999778 281.938557000022 282.8531936352374 269.87396548295396 303.49193200003356 264.72819600001895 308.84005962201627 276.79275195815865 HTEL 0
501.16164899998694 259.7599860000178 492.1112028848438 239.3428797233489 528.8294219999807 230.18813599998728 537.879933571603 250.6051463241001 Steel 0
321.67780399999174 271.5306990000003 314.6841977549775 255.75389610593996 340.8522300000186 249.22954600000384 347.84587455855217 265.00629273004114 HTEL 0
357.3342160000175 265.73239800001926 350.75202872700174 250.88359180477156 383.5426329999609 242.70808799997482 390.1248643900908 257.55682952395796 Ni-Net 0
393.96353199997975 255.5690699999818 384.9131317844149 235.15182485344945 436.1857410000084 222.3683910000129 445.2362303782138 242.78550544406414 HTEL 0
490.4190045777068 208.40641147108374 532.2424944230443 202.54121702053425 542.7483669197682 244.67833251285793 500.92489087699505 250.54348930951102 Ni-Net 0
446.604032000032 239.35247900000306 437.96507287741406 219.86333549812161 483.24638799997047 208.57362699998515 491.8854175671004 228.0626672378105 HTEL 0
325.09340099997644 239.7606860000036 319.74542941381515 227.69606863027144 340.3840350000246 222.55032599998935 345.7320271003118 234.6149132978924 HTEL 0
416.0462369999732 236.66525599998502 392.1868986073241 182.837410607468 500.9849299999769 155.7120710000157 524.8446779069491 209.5393161005209 HTEL 0
320.98333599999023 219.14255399998254 313.98992634793103 203.36571149338414 341.12805700002355 196.59947899999568 348.12149837329343 212.37627500628125 Steel 0
339.1718179999589 221.821951999976 327.2419503470883 194.90845149355113 369.9976150000293 184.24842199998258 381.9275659239065 211.16180043973122 Ni-Net 0
338.45057688988163 169.3263795482869 377.28666765884554 163.8800233043536 389.89329915733833 214.44287363145975 351.0572214151762 219.88919433776172 Ni-Net 0
463.5985510000319 212.44176900002063 441.3847611518577 162.32652697803866 530.099018999972 140.20820500001673 552.3130882577971 190.3230374417642 Ni-Net 0
271.0725389478466 176.0367288866229 307.9170177972992 170.86967993117918 318.5373012259515 213.46561547085793 281.6928329435177 218.63263559913594 Ni-Net 0
329.046396242411 164.67683857542968 346.9707058084168 162.1631087646961 351.05850502506655 178.55841575902775 333.13419720274396 181.07214081301194 HTEL 0