282.0685083583521 167.61175155406266 270.909920999984 194.79862700001513 223.40254414688388 183.83080571168284 234.56121900002472 156.64404800001054 HTEL 0
335.5961766729888 176.89089539924447 358.51410462397325 179.86695170417548 353.2827325291146 202.52654258813314 330.3648074996454 199.55049486628647 Steel 0
208.85099278588314 170.20815415418932 230.77249087800737 173.05482395361756 225.11328247652273 197.5675921007311 203.19178731471766 194.72093091015404 HTEL 0
352.96189357213734 181.92578536152294 336.4164129999699 222.23764100002066 259.3889521660458 204.45479745226035 275.9346640000149 164.1432530000172 Ni-Net 0
162.23034240712877 167.65536363772165 199.09832586061384 172.44293317878171 190.4087965938379 210.0815120249577 153.54082091238524 205.29396531728366 Ni-Net 0
242.803560088214 183.17824319346295 263.72863042161043 185.89550261743247 258.31643015611917 209.3383589292701 237.39136267773574 206.62110789281064 HTEL 0
261.99144495672954 184.52920317638586 283.91294607907184 187.37585367663718 278.47868391319935 210.91426989772185 256.55718581634574 208.0676282859899 Steel 0
212.10083130339626 191.48443980583312 205.1747179999802 208.35897399999888 178.91280805961287 202.29597693143626 185.83895499999926 185.42148799998247 Steel 0
361.50633841338276 207.50397327086398 356.5041019999626 219.69112100001203 335.91317715283367 214.93736023294716 340.91543399998045 202.75023999997637 HTEL 0
150.6881967336085 198.85851733358956 141.83815600001253 220.42048400002543 104.05897280186764 211.6985649219201 112.9090780000115 190.13668499999963 Steel 0
329.17569226839987 213.3817658650984 322.2495109999727 230.25629900002514 295.01315798668656 223.96834299893618 301.9393780000246 207.093861999978 HTEL 0
291.91396937887475 214.01592306937454 285.3725800000393 229.95302199997906 252.44984248813125 222.35228754437756 258.9912760000152 206.41524799997592 Ni-Net 0
257.50434195309936 221.46619873719717 248.26944399996137 243.96577900002188 195.71476572826214 231.83278523662858 204.94976699999825 209.33334400001883 HTEL 0
106.76203602197347 198.98057525040727 149.60864531320112 204.54440627327907 139.6619801660563 247.62828287834841 96.81538309901953 242.064487768414 Ni-Net 0
201.04407772814739 228.9574712418682 192.57871200003137 249.58203399998044 147.16427176681464 239.09744604730517 155.6297220000124 218.47299699997595 HTEL 0
319.45437035130453 242.95287828503876 314.45204299998295 255.14001899999172 292.8866526676575 250.16129409996452 297.8890049999609 237.9741870000203 HTEL 0
243.70332660342683 245.9888530799802 220.2313960000174 303.176147999978 110.12072767844074 277.75605451701495 133.59329400002025 220.56961500001867 HTEL 0
320.0167481788958 265.66135551544176 313.47516599998926 281.59839600000885 286.3984548211738 275.3473079319364 292.94008199998643 259.4103280000121 Steel 0
306.72971572188544 261.5673210114698 295.1858319999883 289.691620000005 252.38992167760443 279.8115569796293 263.9339309999923 251.6874270000195 Ni-Net 0
254.48965077623143 252.5859643755392 295.3434849702171 257.89081240364334 283.41637340490706 309.5531110643719 242.5625568022224 304.24831471715765 Ni-Net 0
190.6707081287459 259.4033464381937 168.73766099997738 312.8402690000233 78.75359772871889 292.06647178010496 100.68715599998541 238.63023700001827 Ni-Net 0
323.59538539720234 264.4350618323019 361.4599036382424 269.35172308687703 351.39856309149764 312.93238881624285 313.5340589766565 308.0157690625223 Ni-Net 0
282.66814276481455 295.0121176709921 300.60395223699743 297.3410355960792 296.83255211260985 313.6767895340067 278.89674528472824 311.34787937732796 HTEL 0