1 0.41882610703125 0.34151922500000004 0.07202721406249993 0.06637178333333336
0 0.5535241328125 0.40652357604166667 0.03829826562500003 0.04638048541666665
1 0.36110263515625 0.3426674916666667 0.03783027031250002 0.05200165000000005
2 0.4952386718750001 0.3983596395833333 0.11547734375000003 0.10088594583333332
2 0.29695473828125 0.33318105000000003 0.06265947656250002 0.07886210000000003
1 0.40860316562500004 0.38100153333333336 0.03595633124999997 0.049503066666666665
0 0.43731364921875004 0.39272088854166665 0.037127298437499956 0.04794177708333329
0 0.32407063046875 0.35996299479166666 0.0387662609375 0.0407593229166667
1 0.5531352515625001 0.4528824885416667 0.031270503125000015 0.030764977083333336
0 0.2175220953125 0.3457671 0.05691919062499995 0.05403420000000002
1 0.4951443578125 0.45186398437499997 0.04028871562499994 0.04122796874999999
2 0.4346722 0.4358226166666666 0.050594399999999956 0.04247856666666661
1 0.36157725156250003 0.431600325 0.07940450312500005 0.05903398333333337
2 0.20615134296875 0.3800792125 0.0716776859375 0.08932509166666668
1 0.27870914921875 0.42501274583333337 0.06991829843750001 0.05419215833333334
1 0.47657275234374996 0.5091324895833333 0.03127050468750001 0.030764979166666664
1 0.27366087265625 0.48418225624999994 0.1660717453125 0.14336451249999993
0 0.4644798406250001 0.55525000625 0.04145968125000002 0.03966667916666668
2 0.42728597656250006 0.5452415208333333 0.06394695312499997 0.0696497083333334
2 0.40798886718750005 0.5622082697916666 0.06910273437500002 0.10774987291666657
2 0.20669809765625 0.493064140625 0.13527119531249995 0.13196161458333328
2 0.512071696875 0.6080208625 0.06476839375000001 0.09104172500000006
1 0.4332142843750001 0.6190271125 0.02892856875000005 0.033887558333333345