239.52375899600156 203.98679218159793 258.4852778605273 202.1062291212313 261.5138036952703 219.2819100905957 242.55228602421994 221.16246859266224 HTEL 0
322.09098999999696 200.0296639999811 309.42222905519884 159.61513958782035 384.7191179999936 146.33871800001629 397.38812394061824 186.75297399813576 Ni-Net 0
307.1350217442523 178.55661171285246 330.0884384020901 176.2801135716114 334.21151078873663 199.66330357432858 311.25809588847915 201.93979500285062 Steel 0
216.63129022992507 223.88518097855615 240.58269233129977 221.5097634794926 244.37164371389372 242.99806846893205 220.42024369293358 245.37347802221223 HTEL 0
256.4537630000268 230.89638399997972 251.62737816826848 215.5005210721572 276.3259709999693 211.14555100001533 281.152394901801 226.54137112315973 Steel 0
333.2711730000301 200.08914900001108 329.0481458477734 186.61776040779196 353.49067600000126 182.30793300001116 357.71373241906986 195.7792895276396 HTEL 0
372.77764500002377 205.30821200002333 357.99739574948035 158.15805723065748 428.28138800003217 145.76550100002513 443.0619076734001 192.9153594974532 HTEL 0
186.1813180444733 246.992995403557 217.11856784786505 243.9248026431478 222.38886607708992 273.8143414011999 191.45162044318567 276.8825182370499 Steel 0
321.04476581786 205.6137691761593 330.02653634233866 204.7229738668656 331.5342187702481 213.27347490084546 322.5524485242204 214.1642691463612 HTEL 0
325.85417000002053 215.61294000001723 322.2343975862168 204.06604889232 342.4817389999953 200.4959319999767 346.10153402594733 212.04279833388867 HTEL 0
291.36011407164915 215.78561589500407 315.31151670744293 213.41018824383076 319.62140908690344 237.85290744474042 295.6700087504578 240.2283263140423 HTEL 0
271.8585819999862 260.6737500000257 267.032116592527 245.277899295623 290.74598200000764 241.09656600001713 295.57248998840805 256.492370053361 HTEL 0
228.12025999999605 277.52483600000414 224.1987050795433 265.01571912449583 244.57418099998904 261.42301999999114 248.49576784945384 273.93210189462377 Steel 0
333.0015738752263 204.3189234124922 370.9246329049347 200.5578173398659 376.98167314505554 234.909215320528 339.05861906925566 238.67030247254874 Ni-Net 0
183.6400894374674 267.1335713990229 222.56117519289546 263.2736579313258 229.49962909362512 302.6239496613169 190.5785508928966 306.4838342750157 Ni-Net 0
239.90774425197742 263.7521837023759 259.86725480375753 261.7727187301967 263.0826061794505 280.0079584307635 243.1230973410129 281.98741685874046 Steel 0
309.3481283008441 225.66037221225906 335.29550989384006 223.08701954761824 341.88914081678377 260.4816223735863 315.94176330771006 263.05495944061624 HTEL 0
275.73832800000673 271.1593390000261 270.308544719519 253.83897174604652 301.17208600000595 248.39700299997833 306.60193383708247 265.71729952694466 Ni-Net 0
399.7694279999996 225.93449800000886 390.11681441894325 195.1426633743598 436.55941899996833 186.95377799999108 446.21216982384794 217.7454622641694 Ni-Net 0
312.8625222972187 251.35028176122552 326.83418023225386 249.9646438860407 329.97052752900345 267.751818212667 315.99887071082776 269.13745182207253 HTEL 0
407.672840781961 213.16925762540598 436.6141192994837 210.29894678840185 441.1634893066366 236.09983367502474 412.2222136936034 238.97013341885656 Steel 0
338.91489993759023 226.33747625468357 393.8036012672819 220.89388195679922 403.2101012171188 274.24139005544583 348.3214125777886 279.68493588488997 HTEL 0
206.68580787241808 299.9332411696455 241.61502441114862 296.46930952147017 249.02175707342394 338.47541891296095 214.09254864411196 341.93931958876027 HTEL 0
406.2631935787067 239.72738341681338 423.228770929054 238.0448090152754 426.057323063651 254.08637564970977 409.0917468768748 255.76894560726734 Steel 0
216.40711300002295 360.8243090000181 199.51425561397627 306.9380961908294 281.52820399998745 292.4778130000185 298.4217324948986 346.36329057649 HTEL 0
331.587642454615 259.6465547962749 379.49053665543033 254.8958863152218 388.2839445922582 304.76635593996747 340.3810620649165 309.5169798364251 HTEL 0
393.8626610954816 267.2995641234278 410.8282449430408 265.6170220139083 413.656800749377 281.6586215055116 396.69121819533757 283.3411586748455 Steel 0