333.03837213868974 161.8584147728879 351.9814519606007 159.59361092868664 355.6662987518939 176.9294962859994 336.7232203287858 179.19429567803775 HTEL 0
217.73400400001265 249.46922100000324 202.35674414725509 208.77653711723326 279.22042899997905 192.43923299997763 294.59797444331343 233.13156074800315 Ni-Net 0
268.08851406276517 197.7844911362765 291.0196309159073 195.04293961893143 296.0273738380056 218.60261706106223 273.09625981324643 221.34415957655244 Steel 0
359.977811797653 158.735684168323 383.9059149732202 155.87487832938277 388.516685163122 177.5669152005799 364.58858418242016 180.42771405421544 HTEL 0
332.64045500000066 198.4642459999764 326.56106753696804 182.37662019145395 351.6033510000125 177.0537679999763 357.6827697212866 193.14135482837048 Steel 0
258.54688100000203 234.66013299999526 253.54023753934598 221.41149866729427 279.1116599999805 215.97618600001275 284.1183350049687 229.2247809960411 HTEL 0
192.5241310000274 289.5873250000067 174.64325222135813 242.27040487817638 246.6862879999826 226.95777399998187 264.5675306017074 274.27424043103036 HTEL 0
393.3107504846703 152.02385568755986 424.21789282954705 148.3286456727392 430.8318480244634 179.44499593120912 399.9247096876934 183.14019318938279 Steel 0
288.43042214510206 221.33963975885655 297.403464936142 220.2668677685286 299.2364684770291 228.89048362807944 290.2634261240746 229.9632542242772 HTEL 0
278.58706700004404 237.55684400002227 274.2956422185671 226.2008878763224 294.6769309999945 221.8687510000251 298.9683777519531 233.22467972590184 HTEL 0
306.463053282132 209.98179925861137 330.3911810765567 207.12107024108272 335.6256942327309 231.74763222647272 311.69756971110473 234.60835082785977 HTEL 0
344.9546030000056 227.539351000019 339.2327463316178 212.39806727932827 363.14726399999927 207.3149319999919 368.8691532023222 222.45617514987237 HTEL 0
389.20283599996765 204.8436709999856 384.55386917361466 192.54137693959717 405.08478900002956 188.1774299999744 409.733776337016 200.47969848293604 Steel 0
259.26683053417946 238.0471890309065 298.1500760839117 233.39860317547465 305.74654945201473 269.1374836799893 266.8633127636713 273.7860413321093 Ni-Net 0
405.70563328947173 167.0495708246464 444.58883521176176 162.40080087725934 453.016921541348 202.05208079735272 414.1337267741619 206.7008279723708 Ni-Net 0
377.21557675497024 201.35511710146548 398.15267788239 198.851962459832 402.0831561880914 217.34347178979965 381.1460570988129 219.84661994462874 Steel 0
301.5534676902462 230.1716084854659 328.47265248405165 226.9533411276073 336.4665675782453 264.56203469613007 309.54738908178115 267.780282011415 HTEL 0
343.74486499997147 241.08691699997982 337.3077523765096 224.05293817302058 369.3468830000347 217.24290900001358 375.7840473060787 234.2768233773791 Ni-Net 0
213.78810800000792 312.67072400000234 202.3439932779729 282.38807452807714 249.19528099999297 272.429798000002 260.6395672427607 302.71223358309265 Ni-Net 0
325.5197935434262 246.72964065474648 339.47787649442034 245.0609162671548 343.2763657075702 262.9314728526769 329.31828435495845 264.6001921530871 HTEL 0
223.67010955422302 296.635308416599 252.58331846416695 293.17880428214977 258.32796866881836 320.2054561635514 229.41476581901952 323.661941010304 Steel 0
261.41749048940255 262.5943959078858 317.24993433083 255.91966674533 328.701437075797 309.7954699851004 272.86901488128933 316.47013025169724 HTEL 0
418.5535669253295 203.4456687300007 454.4457930942008 199.1545837394612 463.6489584069932 242.45241360276603 427.7567409506446 246.7434708640438 HTEL 0
252.0925048825302 310.1088263721364 269.04162344144424 308.0826121540182 272.48088107196963 324.26312085509744 255.5317647002812 326.289328111744 Steel 0
399.90547499997774 279.2442999999965 379.52151979188784 225.30286637741204 463.371874000004 207.48068599997924 483.75628407637123 261.4215523984861 HTEL 0
297.79753502436506 275.02782872025216 345.6539357807924 269.30668000672495 356.5387704497698 320.5164624423112 308.6823880430893 326.23755275407564 HTEL 0
281.62116267631063 319.16740901078924 298.5702838785073 317.14121022133554 302.0095443880564 333.32173451418043 285.06042543565854 335.3479261433777 Steel 0