0 0.2931409609375 0.4180498375 0.04253192187499999 0.05276634166666666
0 0.5530227765625 0.3726684802083334 0.02479555312499997 0.03700362708333334
2 0.34026791250000005 0.4208260427083334 0.09303582500000003 0.07081875208333338
1 0.35144528750000004 0.4296817135416667 0.04664057500000003 0.03853009375000003
2 0.5654485929687499 0.40328139999999996 0.06839718593750002 0.0773961333333333
1 0.4438845359375 0.42726271458333337 0.03776907187500003 0.050358762500000036
0 0.5334452859375001 0.41148415729166665 0.03251557187500005 0.03546831458333332
1 0.47500544921875004 0.4244690979166666 0.04688589843750002 0.04477152916666664
1 0.55222974921875 0.4357681635416667 0.04195949843750002 0.038202993750000046
0 0.64066705390625 0.419477403125 0.05320910781250002 0.04728813958333333
0 0.39624668984375 0.4711144697916667 0.07061837968749991 0.05472893958333334
0 0.5840661984375001 0.43632631875 0.027507396874999923 0.02681930416666667
1 0.45451537578125 0.4718133333333333 0.06215575156250006 0.07695999999999999
2 0.64357573359375 0.45317236666666666 0.06527646718749995 0.07717806666666664
1 0.41411856953125004 0.5080937010416666 0.08761213906250004 0.0911874020833333
1 0.33408566328125 0.5431617135416666 0.1087963265625 0.11549009375000002
1 0.56122293046875 0.53156123125 0.16619586093750005 0.15062246249999992
1 0.47605781718750007 0.5499771458333333 0.06461563437500005 0.09995429166666672
2 0.3878197015625 0.583445209375 0.06626440312500002 0.06272375208333329
0 0.41683137734375003 0.58823466875 0.08678775468750005 0.10980267083333335
2 0.35142055625 0.6129820718749999 0.07784111249999999 0.08013081041666664
0 0.36485027031250006 0.616081246875 0.04532554062500003 0.04466249374999999
2 0.6351758109375001 0.562827075 0.135976621875 0.1339874833333333
1 0.49085864375000005 0.62116613125 0.07234228750000007 0.05899892916666663