0 0.6831319210937501 0.6526596291666666 0.038138842187500015 0.04698592500000001
0 0.42344896796875003 0.5998648916666667 0.0218979359375 0.033063116666666656
2 0.6370843640625 0.6321357656250001 0.089793728125 0.05593819791666673
1 0.6287801773437501 0.6197099114583333 0.045060354687500054 0.03108648958333333
2 0.4187501 0.5693517364583334 0.06250020000000003 0.06787013958333325
1 0.5385518835937501 0.5868191760416667 0.03335376718749999 0.044471685416666656
0 0.449945553125 0.5721784062499999 0.03114110625000004 0.03185681249999999
1 0.5094143226562501 0.58108796875 0.04382864531250004 0.03717593749999999
1 0.43587163437500004 0.5413643833333334 0.04049326874999997 0.03272876666666669
0 0.34852370625 0.5261677489583333 0.0501724125 0.03983549791666666
0 0.5930885203125 0.5634228385416667 0.06742704062500007 0.043512343749999974
0 0.40671002578125004 0.5292647708333333 0.025920051562500036 0.021029541666666655
1 0.53907021171875 0.5440610864583333 0.05626542343749996 0.06728883958333327
2 0.35156640546875 0.492123078125 0.0593828109375 0.06757948958333332
1 0.58457025234375 0.5222968760416666 0.08164050468749995 0.07792708541666672
1 0.6679048875 0.5168934572916667 0.10143477499999998 0.10045358124999998
1 0.44879750468749996 0.44545549166666665 0.1569700093749999 0.12424431666666666
1 0.5350366789062501 0.45861396875 0.057573357812499996 0.09222793749999998
2 0.62534346953125 0.45902803333333336 0.06318693906249999 0.051389399999999995
0 0.598402184375 0.4449701791666667 0.07805436874999999 0.09827369166666665
2 0.66717618125 0.4468710479166667 0.07185236250000004 0.06874209583333334
0 0.6523849757812501 0.43726530520833334 0.04226995156250002 0.03703061041666669
2 0.38455127187500004 0.3879077083333333 0.12847754375000006 0.11331541666666667
1 0.5330393625000001 0.3884904270833333 0.06920372500000004 0.04781418749999998