439.3768576754519 191.40722656004883 465.37487690708076 190.89657794289934 466.22631646976515 215.2786971096298 440.2282973258116 215.78934405252622 Steel 0
279.5372912558378 170.14054905660637 294.5361472604418 169.84593999488493 295.13743079711276 187.06446756051662 280.1385748238681 187.359076023101 Steel 0
394.36102100000426 220.3928939999971 392.4397381905874 189.44073211433016 451.24380400004156 187.38760700002436 453.1653201703739 218.3395846964876 Ni-Net 0
401.2520580000273 217.1504249999822 400.19835165796394 200.17676785396287 429.641100000008 199.14869499998295 430.69487175467657 216.12230051640114 HTEL 0
257.71080412581796 175.49329338057353 299.7076049253519 174.66839586397236 300.95146119776473 210.28796033755023 258.9546605945361 211.11285410617384 Ni-Net 0
344.436328205411 194.7684545912415 367.4345756875846 194.31672794721152 368.24951691953174 217.6536808423996 345.2512695126643 218.10540604885483 HTEL 0
289.19223485958355 188.7385801715239 309.1907102696132 188.34577197506295 309.75975821238535 204.64120865878638 289.76128284601145 205.0340160226666 Steel 0
322.1256849999918 214.91053099998086 320.8860318941879 194.94153613134546 350.41002899997693 193.91062899997533 351.64975788793527 213.87956405439277 HTEL 0
274.189824999994 217.5850980000021 273.1361092496081 200.6114567332709 299.5806949999678 199.68806699999874 300.63446963940805 216.66166178611766 HTEL 0
214.91167100000894 210.64965000000706 213.61005306520383 189.68218672021405 247.15867799997795 188.51075999998193 248.4603842163051 209.47815359983375 Steel 0
365.04238599998644 240.42830400002546 363.5548760569509 216.4653933332002 408.17799500000547 214.90734699999427 409.6656580291892 238.87013683824838 Steel 0
258.0948730000091 215.14531699998736 257.3510526870814 203.1639443323113 274.66572299999825 202.55933599999585 275.40957055825857 214.54068716317101 Steel 0
329.9609650637285 210.05391211706637 367.9580728734436 209.3075908453537 369.19979724705627 244.8661328449364 331.20268964637944 245.61245012479407 HTEL 0
207.4758265116543 198.29088368016212 247.47278058843222 197.5052768705924 248.7155708338105 233.09433329695705 208.71861696585256 233.8799361185197 Ni-Net 0
347.4655748582154 224.20732025729538 401.46146440834855 223.14676981520714 402.9211097262305 264.9458229134024 348.92522055153677 266.00636618557917 HTEL 0
390.9210460493341 236.49971905206652 457.9159519676614 235.18386864709638 459.76641199507867 288.17462101172845 392.77150671019626 289.49045931994635 HTEL 0
230.69571100000758 290.1472229999799 226.54413121905236 223.24981777923432 331.29469999999856 219.59338899998465 335.44740290126356 286.48990777522624 HTEL 0
315.052062646937 241.57814091816158 354.04910053162894 240.81219873422452 355.6752468974446 287.3793213030678 316.67820933937037 288.1452572486657 HTEL 0
370.99432099996193 296.25459300002586 369.2588704152877 268.2978705289209 410.9921590000158 266.8407700000038 412.7278161517461 294.79732943383914 Ni-Net 0
344.6551268298208 258.3414355470543 397.6511004605709 257.30055467670115 399.4243019953865 308.07889934523075 346.4283288829756 309.11977031654817 Steel 0
390.64583699997456 314.579927999988 388.4146146882267 278.6355142924894 437.3602150000079 276.926682000008 439.59176451462554 312.87083745771645 Ni-Net 0
391.4009320000332 307.54929300000566 390.16124727058923 287.58026484092323 418.6858850000135 286.5842899999788 419.9256761369179 306.5532341750718 Steel 0
192.03356400001212 300.5028210000044 188.3154597124667 240.59499213803088 273.8884240000334 237.6078139999807 277.607395656014 297.51495827540515 Ni-Net 0
302.49004800003604 311.65473900000796 300.87858178252645 285.69485134971103 346.5552480000042 284.10010000002103 348.1669363319088 310.0598123431755 HTEL 0