0 0.29687652734375003 0.40660359062499996 0.04062805468750002 0.050707181249999955
0 0.55717692578125 0.38005101354166665 0.0237288515625 0.035102027083333334
2 0.34445979687500006 0.41195537708333335 0.09204459374999999 0.06557742083333332
1 0.35444447031250004 0.42210428437499997 0.046388940624999986 0.035875235416666665
2 0.56736343046875 0.40789079166666664 0.06597686093749999 0.07411491666666668
1 0.4475644187500001 0.42591922500000007 0.03575383749999999 0.04767178333333337
0 0.5366845007812501 0.41333321979166665 0.032744001562500014 0.03499977291666667
1 0.47747698203125 0.42502785833333334 0.04557896406250004 0.04172238333333335
1 0.5553767898437499 0.43931093541666666 0.04200357968749993 0.03695520416666665
0 0.64318572265625 0.42879184375 0.051996445312499966 0.04508368749999996
0 0.39867088359375 0.46702983124999997 0.06921676718749996 0.05072632916666665
0 0.58688353359375 0.44311681979166667 0.02689206718749997 0.02373363958333332
1 0.45490190390625007 0.46973898125 0.059803807812500054 0.07281129583333333
2 0.6455076671875001 0.46381488645833335 0.06289033437500002 0.07346310625000001
1 0.413049365625 0.5035449239583333 0.08547373125000002 0.0862565145833333
1 0.3329060890625 0.5324554416666667 0.10643717812500003 0.11074421666666663
1 0.559450621875 0.53700169375 0.16265124374999998 0.1406700541666666
1 0.47199347734374997 0.5508350854166667 0.06273695468749994 0.0975035041666666
2 0.38434484687500003 0.5769063416666665 0.06556469375000003 0.05797934999999998
0 0.41351911562500004 0.5841778197916666 0.08328823124999998 0.10585563958333329
2 0.34543071953125004 0.60261850625 0.0752364390625 0.07607034583333327
0 0.36264285 0.60611490625 0.04403569999999997 0.04139647916666658
2 0.631009896875 0.5737031781249999 0.13389479374999996 0.1265730229166666
1 0.48718694375000005 0.6192504677083333 0.07124888750000001 0.05516760208333326