0 0.291843459375 0.573964940625 0.03993691875000001 0.04792988125000003
0 0.55075084453125 0.6256909072916667 0.02337668906249997 0.03471514791666668
2 0.33946626562500004 0.5724787406249999 0.09143253125 0.06162414791666665
1 0.35188071484375005 0.5642092614583334 0.04438642968750002 0.032585189583333236
2 0.5631368062500001 0.5988098395833333 0.06377361250000001 0.07261967916666663
1 0.44264751874999997 0.5693633572916668 0.03529503749999998 0.047060047916666764
0 0.53107285 0.5878842385416666 0.03089570000000004 0.034101810416666586
1 0.4740819015625 0.5714705156250001 0.04503880312500002 0.038774364583333325
1 0.551231003125 0.5648058739583334 0.03996200624999995 0.03377841458333333
0 0.6382227179687501 0.5855819322916667 0.05144543593749998 0.04199719791666669
0 0.39684156406250004 0.5236248208333334 0.06868312812500009 0.04724964166666676
0 0.5836694117187501 0.56576998125 0.02671382343750004 0.023206629166666676
1 0.4537922179687501 0.5253132854166667 0.057584435937500004 0.07145990416666675
2 0.6436131585937501 0.5507482020833334 0.062226317187500074 0.07232973750000002
1 0.41337175546875005 0.48906075833333335 0.08299351093750006 0.08228818333333336
1 0.33624280937500006 0.4511157145833333 0.10373561875 0.10639809583333329
1 0.5602764296875 0.46875360625 0.16117785937500007 0.13334054583333335
1 0.47697196562500005 0.4481083041666667 0.06019393124999999 0.09621660833333336
2 0.3888142671875 0.411680884375 0.06512853437499998 0.05669510208333334
0 0.41849683359375006 0.4083059979166666 0.0807436671875001 0.10411199583333335
2 0.35281860546875 0.38212644791666667 0.07438721093749999 0.07258622916666664
0 0.36716698359375005 0.38069040520833336 0.043708967187499996 0.040547477083333366
2 0.6358759515625 0.439987884375 0.13112690312500003 0.1216424354166667
1 0.49314516875000003 0.3799995177083333 0.07066533750000002 0.051665702083333306