1 0.5475882242187501 0.6444423645833334 0.03267644843750004 0.038884729166666666
2 0.3894758546875 0.5497898604166667 0.11957670937499998 0.10791305416666669
0 0.44387508828124994 0.574386140625 0.04087517656249995 0.05293894791666662
1 0.59428482890625 0.63925719375 0.04169465781249997 0.04934772083333338
0 0.5412581304687499 0.6057963270833333 0.0387662609375 0.04075932083333337
1 0.42117962890625 0.5404857447916667 0.039234257812499965 0.03513815624999997
1 0.34162746953125 0.47817104062500004 0.11137993906250002 0.1188420812500001
0 0.65164488984375 0.6373512520833333 0.0532897796875 0.0663691708333334
1 0.4604450140625 0.5360627072916666 0.014640028125000005 0.017958747916666695
1 0.4490332359375 0.5271018447916667 0.032441471874999996 0.029203689583333296
1 0.50418705859375 0.5402187666666668 0.04274911718749994 0.05543753333333339
1 0.55612190390625 0.5388953364583333 0.03724380781250005 0.04029067291666664
0 0.6259472218750001 0.574965115625 0.03314444375000001 0.033263564583333266
2 0.4381251750000001 0.47870238645833335 0.06687535000000003 0.07823810625000001
2 0.676328146875 0.5952622614583334 0.06828129374999996 0.08635785625000002
0 0.611610678125 0.5511610125 0.035721356250000016 0.039822025000000136
1 0.49768220156250004 0.4859660489583333 0.04848940312499997 0.08026543124999996
2 0.55769996015625 0.5147015635416666 0.04977492031250002 0.04606979374999997
2 0.35349433828125004 0.40779138020833333 0.07261367656250002 0.07808276041666667
1 0.5197591070312501 0.46696805625 0.02389321406249998 0.038102779166666656
0 0.36736819140625 0.37055705312500004 0.05036138281249998 0.05778077291666665
1 0.45467918906250004 0.40910773854166665 0.09685837812500005 0.11821547708333337
1 0.68978695546875 0.511899809375 0.06394891093749999 0.0946329520833333
0 0.39883928515625 0.3502771125 0.028928570312499957 0.033887558333333345
1 0.6731061632812501 0.473270053125 0.13058732656250002 0.13820677291666664
1 0.5029253898437499 0.37811987500000005 0.08397577968749995 0.11040641666666667
0 0.44276502734375 0.32629208125000003 0.029280054687500015 0.035917495833333334