169.46701239787217 211.39428309296773 192.3541350114101 207.94493338120694 198.2013021318562 229.76695560652922 175.31418391539773 233.21629412270613 Steel 0
336.156739118378 168.9318544833514 349.0929239486286 166.98217650059348 353.3543410505081 182.88603964993607 340.41815766482614 184.8357139548097 Steel 0
189.42414800003462 235.6471990000044 179.80227541658678 215.4489848251312 237.82197499996983 199.90296499999423 247.44393075357948 220.10104481166317 Ni-Net 0
210.67451599999913 229.95318000001265 205.4261954442336 218.9360767378111 233.6486850000074 211.3739559999751 238.8970279150817 222.39102313965114 HTEL 0
331.4729622816958 174.6339522180702 368.29136073225527 169.08490865536893 377.13498999852163 202.08997881566475 340.31660068380006 207.63899911691595 Ni-Net 0
266.4244965901162 202.3290258545301 286.3263398104755 199.32957571289336 292.08600807687617 220.82503809583835 272.1841684691026 223.8244790392603 HTEL 0
328.13852999999654 204.69044999999474 322.0155575365061 191.83719781161466 341.90172800001164 186.50874500000074 348.02471675640845 199.36197086644393 Steel 0
288.3461019999959 218.45862700000163 281.7857471718162 204.68725613658867 310.5438139999751 196.98162599997895 317.1041956371482 210.75295355218228 HTEL 0
338.9717650000239 214.21100700000272 333.28612845194584 202.27582446944803 358.78933699998015 195.44231500002326 364.474993865806 207.37746470628696 HTEL 0
390.16583399999945 200.4935980000014 383.1681835294876 185.80410880596997 415.9684289999859 177.01539400002355 422.96610910852905 191.70483531268408 Steel 0
234.79047599998012 250.40850899999083 227.35530754594947 234.80087329791158 270.95943699998315 223.11736999998763 278.3946579643816 238.72492086962876 Steel 0
362.41280399997777 208.96527600000243 358.47659262028174 200.70247149304254 375.5382449999888 196.13083899999918 379.4744656851981 204.393628473407 Steel 0
268.5134074544476 217.85233302343897 301.3514808981563 212.90330072628018 310.0784751329047 245.47310991889086 277.2404115780955 250.42211703699482 HTEL 0
385.6311260107759 191.29721094179865 421.45444929235964 185.8981871188807 430.2689229710086 218.79446120420783 394.4456093336339 224.19346047106654 Ni-Net 0
246.34940099997038 274.22848499999355 231.91637328076467 243.9313927105568 285.1387380000233 229.6708000000151 299.57189811524586 259.9676783988247 HTEL 0
194.46680699998979 304.6948030000162 175.65993887103104 265.21670000655797 242.25906400002714 247.3720310000208 261.06616864060925 286.84975190142706 HTEL 0
320.3145660000155 287.5384170000155 298.00920981389936 240.71487517156203 400.8095999999932 213.17075200002017 423.11534891239717 259.99365938080064 HTEL 0
285.7477415795438 247.39839374413327 318.585897932644 242.44947313102304 330.4186994292104 286.61053310830016 297.5805585296621 291.55941437376265 HTEL 0
238.40034000000742 306.38143899998636 228.77806618111208 286.18343715786676 270.3774279999925 275.0371279999855 279.9997814191738 295.2350012437031 Ni-Net 0
244.04178977267293 269.47997997188094 289.8162104510993 262.58160577854744 302.54581845794746 310.08974441908447 256.771422930251 316.98805457370554 Steel 0
215.94380900001852 326.89251499998807 203.25978994085744 300.2678922897119 250.938793000023 287.49262800000724 263.6229391404777 314.11704540405486 Ni-Net 0
232.29519799999252 318.37006899998477 225.29708011556068 303.6806933268536 253.2681639999646 296.1859599999834 260.2663230278995 310.87526920314644 Steel 0
378.35804800000915 291.6559599999871 357.36462197288347 247.58709469128246 441.276949000021 225.1036349999743 462.2706864045176 269.17199727413515 Ni-Net 0
304.2405790000339 312.55095200001614 295.930388718989 295.1071644089814 340.85782800000743 283.0691420000222 349.16809434049355 300.5128067134319 HTEL 0