1 0.59375 0.6479166666666667 0.06875 0.058333333333333334
0 0.45390625 0.6 0.035937500000000004 0.041666666666666664
1 0.6515625 0.6385416666666667 0.034375 0.04791666666666666
2 0.51328125 0.6020833333333333 0.11093750000000001 0.0875
2 0.71484375 0.6385416666666667 0.0578125 0.07291666666666667
1 0.60078125 0.60625 0.0328125 0.04583333333333333
0 0.5703125 0.5989583333333334 0.034375 0.04375
0 0.6859375000000001 0.6166666666666667 0.037500000000000006 0.0375
1 0.45078125 0.5552083333333333 0.029687500000000002 0.027083333333333334
0 0.7921875 0.615625 0.053125000000000006 0.04791666666666666
1 0.5078125 0.546875 0.037500000000000006 0.035416666666666666
2 0.5710937500000001 0.5572916666666666 0.0484375 0.035416666666666666
1 0.6429687500000001 0.5489583333333333 0.0765625 0.04791666666666666
2 0.80234375 0.5770833333333333 0.0671875 0.08333333333333333
1 0.72578125 0.5458333333333333 0.0671875 0.04583333333333333
1 0.52265625 0.48854166666666665 0.029687500000000002 0.027083333333333334
1 0.7265625 0.48541666666666666 0.15937500000000002 0.125
0 0.53046875 0.440625 0.0390625 0.035416666666666666
2 0.56796875 0.4458333333333333 0.060937500000000006 0.0625
2 0.5859375 0.4270833333333333 0.0625 0.1
2 0.79296875 0.4666666666666667 0.1296875 0.11666666666666667
2 0.48125 0.39479166666666665 0.059375000000000004 0.08541666666666667
1 0.5578125 0.37395833333333334 0.028125 0.03125