0 0.6956419671875 0.6217512979166667 0.047533934375 0.06016926250000007
0 0.43453649375 0.6143199833333334 0.028447987499999973 0.04113996666666667
2 0.6477951750000002 0.6108140156249999 0.09871535000000008 0.0882946979166667
1 0.6374224828125 0.6006853625 0.04984496562500001 0.047204058333333285
2 0.42528055390625 0.5822577666666667 0.07556110781249999 0.08951553333333338
1 0.54787450234375 0.5804993364583334 0.04262400468749999 0.056832006250000094
0 0.45850745234375 0.5789672864583333 0.03576490468750002 0.041267906250000055
1 0.51603477734375 0.5787420729166667 0.05081955468750002 0.053317479166666716
1 0.44137994999999997 0.5542023041666667 0.04525990000000002 0.04590460833333339
0 0.3536289195312501 0.5514606104166667 0.05725783906250004 0.05708788749999994
0 0.60002216875 0.5485663093750001 0.07504433749999997 0.0679659520833334
0 0.41025269453124996 0.54507528125 0.02988038906249999 0.031817229166666766
1 0.5440988421875 0.5376414697916666 0.06944768437499996 0.08778293958333332
2 0.35187719765625003 0.5172412843749999 0.07250439531250001 0.08864923541666662
1 0.5885502734375001 0.5097200864583333 0.09585054687500004 0.10694017291666663
1 0.6690213265625 0.49249349687500005 0.11929265312500004 0.13498699375000006
1 0.44428069218750005 0.45515707708333336 0.1791863843750001 0.18114748750000007
1 0.53258726171875 0.455315984375 0.07454952343749995 0.11063196875000003
2 0.62181685859375 0.43949220104166664 0.07175871718750004 0.0748177354166667
0 0.593935475 0.43117364479166664 0.09724595000000003 0.12484728958333335
2 0.6612780515625 0.4199927854166667 0.08505610312499999 0.09415223750000005
0 0.6465205992187499 0.41394216666666667 0.04929119843749996 0.052884333333333325
2 0.37549929609375 0.4105764989583333 0.14787359218749999 0.15865299791666665
1 0.52298620859375 0.3820706916666667 0.0772224171875 0.07247471666666669