365 288 381 288 381 300 365 300 HTEL 0
230 275 297 275 297 303 230 303 Ni-Net 0
290 277 310 277 310 295 290 295 Steel 0
391 273 411 273 411 289 391 289 HTEL 0
353 272 373 272 373 284 353 284 Steel 0
269 272 291 272 291 281 269 281 HTEL 0
193 250.00000000000003 251 250.00000000000003 251 286 193 286 HTEL 0
422 255 448 255 448 278 422 278 Steel 0
299 263 307 263 307 269 299 269 HTEL 0
286 260 304 260 304 268 286 268 HTEL 0
319 248.00000000000003 339 248.00000000000003 339 267 319 267 HTEL 0
351 240 371 240 371 252 351 252 HTEL 0
400 240 418 240 418 250.00000000000003 400 250.00000000000003 Steel 0
263 232 297 232 297 258 263 258 Ni-Net 0
426 228 459 228 459 258 426 258 Ni-Net 0
387 231 405 231 405 244 387 244 Steel 0
306 219 326 219 326 251 306 251 HTEL 0
343 228 371 228 371 240 343 240 Ni-Net 0
198 220 236 220 236 244 198 244 Ni-Net 0
322 214 332 214 332 229 322 229 HTEL 0
206 204 232 204 232 223 206 223 Steel 0
253 190 301 190 301 230 253 230 HTEL 0
422 185 450 185 450 220 422 220 HTEL 0
227 190 242 190 242 202 227 202 Steel 0
385 167 453 167 453 209 385 209 HTEL 0
281 166 321 166 321 205 281 205 HTEL 0
250 169 264 169 264 181 250 181 Steel 0