359.5052620000206 325.0490109999981 356.8128081436589 296.14999819637615 401.92721799998253 293.78597199999007 404.61991856202076 322.68478431260337 HTEL 0
278.9677992673387 278.67384511010596 301.9638439386472 277.9960118839044 303.0904560913041 299.49312868922993 280.09441163892916 300.1709591285474 Steel 0
405.8941757881257 293.0507242636384 428.890223692797 292.37290077325054 430.173840641728 316.8659180360647 407.17779300015536 317.54373817684797 HTEL 0
293.75696700000844 312.472775999979 289.67223134008236 268.62566563817313 363.35551099997247 264.76488700001914 367.44081691635074 308.6115339285308 Ni-Net 0
438.5692963868496 285.9875099996017 476.5627702095662 284.8676275222122 478.49238572773174 321.68718420756346 440.49891255599505 322.80705839626705 Ni-Net 0
373.15538776609174 279.7917707565091 394.1517783606105 279.17288084199004 395.3283285781072 301.62289889941815 374.33193819342705 302.2417861416774 HTEL 0
353.9173513818241 275.7472786431772 376.9133964462526 275.06944483946495 378.09234309410385 297.56519122796 355.096298256758 298.24302213981196 Steel 0
428.46728199998324 303.41016300002235 426.79601479438134 285.4729561449324 451.4923439999984 284.1787679999842 453.16369079657306 302.115910173032 Steel 0
278.73368100001244 274.2065910000097 277.4338084756164 260.25544979344573 296.97493799998483 259.23139499999724 298.2748549919779 273.182500068252 HTEL 0
490.64399299997604 305.15848099999266 488.41571156910504 281.24213143550617 524.339964000028 279.3596140000162 526.5683989929676 303.27583876771405 Steel 0
313.6333790000208 271.3762030000088 311.9621441212803 253.4389984263018 337.65706999998656 252.09247300000874 339.32837865089823 270.0296176198103 HTEL 0
349.9503929999628 276.4825159999934 348.27917844057083 258.5452680308841 379.9658620000264 256.88476899997846 381.63716925511835 274.8219416364605 Ni-Net 0
386.95202199996857 275.54471500001324 384.6310092560452 250.63171827121715 435.5750999999873 247.9621780000227 437.89631590640056 272.87500962150534 HTEL 0
490.97035908642283 254.06395030995208 534.9627997817879 252.7672145053351 537.1612821816234 294.717081534379 493.1688422618754 296.0138074638986 Ni-Net 0
442.875275999977 272.6139009999769 440.73990787648654 249.6940043540075 484.6126199999708 247.39497599997944 486.7481480124843 270.31474270613296 HTEL 0
324.099189999979 241.78791499998587 322.79934051824966 227.8367736232074 343.33907799998997 226.7603820000007 344.6389685358008 240.71149001225552 HTEL 0
414.4426250000106 265.0916420000257 408.5944894129352 202.31030527872164 514.0043030000379 196.78737800001977 519.8533732209034 259.5679551556408 HTEL 0
325.9960239999782 220.65968700000636 324.32482517942844 202.72249222449196 351.0183439999673 201.32362100001777 352.689604601037 219.26076556641837 Steel 0
341.8257423592149 197.88421470825386 381.81886007507273 196.70531676196669 383.48919526295504 228.5773785616906 343.49607796335476 229.7562712074212 Ni-Net 0
351.8674216681393 179.3103307042215 392.8603771559574 178.10195446480395 395.4739483819867 227.97220836485388 354.4809935318335 229.18057648543984 Ni-Net 0
466.7942960000073 251.33291199998578 461.4100369258813 193.53460133654778 547.6436909999757 189.0161779999729 553.028621176345 246.81394326321538 Ni-Net 0
285.2275664378976 168.82942552524204 324.22086065780604 167.67998562687518 326.46568841082626 210.51409561363164 287.4723946762242 211.66352933379923 Ni-Net 0
345.4321796276781 171.16254687699046 363.42908067963435 170.63203195048695 364.2356866000773 186.02300807880215 346.23878562393656 186.55352204056425 HTEL 0