366.6945239999768 194.35329900000295 352.07303163348115 167.45261167897522 400.95708799999557 152.50743000001498 415.5786397095653 179.4079952148661 HTEL 0
277.8167222277989 180.69168289381034 301.6597990811715 176.59151034298785 308.69132050152984 199.59067717907226 284.84824906081485 203.69083756900503 Steel 0
404.9936425627675 169.13069271606346 427.84325681772316 165.20134170040245 435.71472822965006 190.94787452359805 412.8651194729173 194.8772131860143 HTEL 0
303.6332129999937 224.0899940000164 281.7008920459193 183.7387434435759 359.33042900003784 160.0055170000183 381.262906488555 200.35644546897777 Ni-Net 0
437.0054742691718 167.80723708387768 474.7570360887039 161.31528343127516 486.69426783882955 200.36047737082356 448.94272010496934 206.85239937641828 Ni-Net 0
372.72961150403717 183.31042748056595 394.58577215606056 179.55194181422902 401.83535276548355 203.26435788646384 379.9791973136598 207.02283186945218 HTEL 0
352.39687202811183 185.21110906612253 375.2464931047143 181.28178616698062 382.5332317173161 205.1157363932297 359.68361615807225 209.0450468962073 Steel 0
427.35346647474216 184.12121900375627 451.1965415096347 180.02105195717064 457.6433236509911 201.10761337295207 433.8002536431304 205.2077691249336 Steel 0
282.83207699998457 221.03831300000886 276.0085832639743 208.48474292799932 296.90866500000993 202.09498399999745 303.73217317937815 214.6485243523217 HTEL 0
497.4523490000138 215.02674100002022 485.7550248012558 193.50625279419 523.9060959999915 181.84241800002368 535.6034625908796 203.3628189775026 Steel 0
317.0762829999876 230.43695200001994 308.3031994279736 214.29663493860798 335.72121099998185 205.91417400002175 344.4943196942768 222.0544393680089 HTEL 0
354.4269709999935 229.4746190000182 345.6538981199992 213.334267220651 378.80972799997835 203.19761000002356 387.5828310036741 219.3378997949102 Ni-Net 0
392.04564499996195 243.0700379999813 379.3734124366165 219.75607907312445 432.25921799996286 203.5875289999901 444.93152221199125 226.90134049883198 HTEL 0
486.94274639565265 197.75283123349783 530.6551446534286 190.23595862786502 544.2771730396635 234.79201575950185 500.56479664759536 242.3088392380569 Ni-Net 0
447.3285539999779 246.03649999998802 435.6310740450863 224.5159771156084 481.43273699999554 210.51320300001976 493.13027550109837 232.03360541619313 HTEL 0
325.92662399998517 255.96480900000194 319.1030100208445 243.41126536993062 340.959514999995 236.72910800001796 347.78314656614384 249.28261544124186 HTEL 0
423.77413900001557 302.38532000001203 392.5807459816133 244.99640967289832 504.51804399999673 210.77515800000577 535.7118659051048 268.1631858506161 HTEL 0
326.83415499996045 282.87533499998494 318.06082533308654 266.7350719310177 346.4353879999544 258.0601849999852 355.20874989604636 274.20038175042595 Steel 0
346.89216799997666 290.3369779999967 331.7825934902794 262.53978156216374 376.080834999957 248.996661999975 391.1904959093954 276.79368065319153 Ni-Net 0
342.5905740892631 255.7451807778076 384.3162133030273 248.57026407279199 400.4952846264496 301.4903234800216 358.7696773478092 308.6651684342942 Ni-Net 0
474.1963350000151 309.97492600002175 445.4396486895712 257.06994331711314 537.2760040000139 228.99372300000488 566.0330309955316 281.8980046762151 Ni-Net 0
276.8753827850014 269.96083634506493 315.6206030750036 263.29846336601264 329.349283008778 308.20348635634286 290.60408882651245 314.8658006774395 Ni-Net 0
340.3270924206299 296.2259970329106 358.2094704967312 293.15108461578643 363.5562664112513 310.6397570124894 345.67389326104603 313.71465836243675 HTEL 0