420.83797682957083 179.44443118579377 415.23168599997007 201.88273399998624 371.2350233943289 195.69950840906222 376.84140899997146 173.2612990000164 HTEL 0
294.6812664384197 175.852029560354 315.6546395080659 177.5099860950398 312.97178866276226 196.599491289542 291.9984164136986 194.94153867277257 Steel 0
421.9922688744555 189.70511435767546 441.96691424884193 191.2841079662981 438.8750086756045 213.2842074486531 418.9003642757598 211.70521849286004 HTEL 0
379.99552688750555 183.80238384822658 371.70806000001903 216.97226699998177 300.8140149252722 207.00903336801355 309.1017170000123 173.83938199998317 Ni-Net 0
455.6613723694318 194.4369995272659 489.61827716273547 197.12127262276982 485.0161521461996 229.86719703919428 451.0592499493214 227.18293633965664 Ni-Net 0
386.7922504172748 195.8661774005874 405.7681650792074 197.36621698816916 402.82389530453656 218.31582941932277 383.8479815487517 216.81579415776596 HTEL 0
367.6988121669274 195.20242545984496 387.6734568197571 196.7814155414783 384.85989556691493 216.800981361011 364.8852518206695 215.22199560804046 Steel 0
462.9255334829213 211.61508570387795 459.2691699999705 226.24869499997982 435.9144675078278 222.96643783682404 439.5708690000174 208.33286600001387 Steel 0
307.2063898458873 202.85797135660374 304.5250610000221 213.58927700000604 285.5497895915323 210.9224973927035 288.23113999998895 200.19121300002044 HTEL 0
534.6592373642488 228.76531177316656 530.0278350000008 247.30128099999965 495.3617971515632 242.429367864136 499.9932770000305 223.89347499998087 Steel 0
345.4101510858163 214.28609454267428 341.75378500003717 228.9197089999942 317.4088098190259 225.49828194220453 321.06521599998814 210.86470699997366 HTEL 0
387.7479205984855 221.24606880614178 384.3353119999665 234.90415200001814 353.1630351786589 230.52324068322022 356.57569299997704 216.8652059999778 Ni-Net 0
441.656780496196 235.89109023737697 437.2691510000004 253.45162200001374 387.8536633763724 246.5069141862703 392.2413999999844 228.9464880000216 HTEL 0
499.59178551944206 233.93532674868928 538.542369930874 237.0142662053388 533.3412294333539 274.0224635361442 494.3906490513473 270.9435433170185 Ni-Net 0
488.8228203214385 251.60833879768185 484.6789020000142 268.19324799998594 441.30957311892416 262.098237011932 445.45358600000327 245.5134209999775 HTEL 0
343.6483026125643 245.34315933406128 340.96691500002635 256.0744659999895 321.991580396716 253.40768305133665 324.6729939999932 242.67640199998152 HTEL 0
515.0120758826233 268.41556495507587 503.3119869999791 315.2443709999909 401.2452397287416 300.9006597564854 412.9460249999829 254.0725399999942 HTEL 0
345.85163528514386 267.8689809194972 342.4389279999741 281.52703299998416 317.20816257693514 277.98113063966105 320.620917999986 264.3231260000187 Steel 0
377.5105807263026 267.26908569190323 371.17275799995696 292.63410300002283 332.8036481644813 287.2417831994527 339.1416089999984 261.87690199999486 Ni-Net 0
349.8953311839432 264.3980698251385 384.8510200274177 267.16115004854055 378.2920176228072 313.8311982110083 343.3363339702919 311.0681427708036 Ni-Net 0
543.5184660592495 287.5696678672824 532.0618739999918 333.4224900000191 449.90492038836237 321.87663210301673 461.36209999996936 276.02438900001164 Ni-Net 0
280.17512044614705 264.6978071896248 314.1320593268756 267.3819504797034 308.6948922886222 306.06961607798365 274.737957534162 303.38549248775024 Ni-Net 0
332.5844111490733 301.3484506165649 348.56413979250647 302.6115549950423 346.6194589798397 316.44870631458 330.6397310880857 315.18560552499844 HTEL 0