222 278 265 278 265 305 222 305 HTEL 0
325 285 347 285 347 305 325 305 Steel 0
198 266 219 266 219 289 198 289 HTEL 0
264 265 334 265 334 305 264 305 Ni-Net 0
152 249.00000000000003 188 249.00000000000003 188 283 152 283 Ni-Net 0
235 261 255 261 255 282 235 282 HTEL 0
253 263 275 263 275 284 253 284 Steel 0
179 253 202 253 202 270 179 270 Steel 0
334 267 353 267 353 280 334 280 HTEL 0
108 230 142 230 142 252 108 252 Steel 0
297 252 321 252 321 269 297 269 HTEL 0
254 245.99999999999997 285 245.99999999999997 285 262 254 262 Ni-Net 0
201 226 250 226 250 248.00000000000003 201 248.00000000000003 HTEL 0
103 204 145 204 145 242 103 242 Ni-Net 0
154 212 197 212 197 232 154 232 HTEL 0
299 225 318 225 318 238 299 238 HTEL 0
132 166 233 166 233 222 132 222 HTEL 0
297 199 322 199 322 215 297 215 Steel 0
267 188 305 188 305 217 267 217 Ni-Net 0
258 168 297 168 297 215 258 215 Ni-Net 0
104 146 186 146 186 199 104 199 Ni-Net 0
328 175 365 175 365 215 328 215 Ni-Net 0
293 165 310 165 310 179 293 179 HTEL 0