389.6230859999923 288.5862729999743 379.2520054423949 261.14257942876986 426.63214100000914 251.07187799997627 437.0033665444498 278.51539077019225 HTEL 0
305.2388373194117 285.98779634391485 328.16999317059526 283.24640287133076 332.96985195716843 305.8280958274944 310.0386999589682 308.5694770372291 Steel 0
423.5144310639589 236.40419206649494 445.4485609022231 233.78189902286206 450.64536738733295 258.2310736171855 428.71124088414945 260.8533560462417 HTEL 0
321.5685769999982 305.09638699999283 306.19088107741845 264.40366326388653 383.05500200003735 248.06639800000204 398.4330554160988 288.7586759409728 Ni-Net 0
449.3959291608189 209.06528087936874 486.2851469274028 204.6550064331738 494.25971365039004 242.17266587993865 457.3705037358013 246.5829153355268 Ni-Net 0
388.46647446574934 239.85722373689836 409.4035984654329 237.35413031419222 414.37363907156396 260.7364442785111 393.4365181531757 263.2395278945291 HTEL 0
369.50839768316655 246.86117144811766 391.44253026322986 244.23889521882825 396.4314299652324 267.7099383180777 374.4973007158842 270.3322039467937 Steel 0
441.18153299998085 237.75590400000823 434.74441841048247 220.72195899235507 460.91466500001843 215.15936599997724 467.35182130607427 232.1932589858059 Steel 0
298.2018039999821 286.5493139999779 293.5526265799126 274.24705078906646 314.0837560000364 269.8830730000193 318.73296245888923 282.18529999881247 HTEL 0
494.5260959999723 204.94801400000085 486.30106219658046 183.18234987113564 523.9792930000112 175.17370999998136 532.2043912136724 196.939293807385 Steel 0
325.82152700000734 267.3881330000084 319.384309691377 250.35419620973465 346.53280699996685 244.58368399998662 352.97007322740683 261.6175597872403 HTEL 0
359.16363600001205 251.09998399999728 353.08410737809027 235.01232990848007 385.9517130000313 228.02621200000638 392.03129396752047 244.11380081523674 Ni-Net 0
388.32383100001607 229.56668400000206 379.7411302060209 206.8545698348701 432.2413310000411 195.69555700000313 440.8241365663707 218.40754051178934 HTEL 0
479.4071074893873 153.05766809860623 522.2783231682115 147.93207140419267 531.4055604430905 190.87261797913797 488.534352725037 195.99818933694021 Ni-Net 0
436.00742000002356 198.98441200000988 428.1400276515342 178.16502351485843 473.4937099999661 168.52496199999038 481.3611740484339 189.34426107325385 HTEL 0
321.33256000000983 236.64973399997825 316.683521417217 224.347445933695 338.19265999998606 219.77558099999868 342.8417235372035 232.07783794737676 HTEL 0
396.40428200000315 200.24593499999028 374.5907062407059 142.51885891468552 484.4708720000199 119.16402699997714 506.2848663821205 176.89058105751465 HTEL 0
311.86776499998814 216.17004499999842 305.78833352068614 200.08241528359235 332.7869559999817 194.34374399999837 338.866424320222 210.43132777465624 Steel 0
327.7260379999643 213.82160599998477 316.99772667809157 185.43160789885846 359.63644399998884 176.3686220000107 370.3648529142811 204.75849840069682 Ni-Net 0
322.9885593815561 157.86533469558145 363.8657958636759 152.97815933214218 374.82650603487855 204.54464300218507 333.9492791577504 209.43178779586594 Ni-Net 0
438.1575750000047 165.81248400000183 417.7744455436914 111.87113437235904 507.4928589999763 92.80140000001046 527.8762470560469 146.74242714762173 Ni-Net 0
260.00416840906837 183.79927862127903 297.8903891878872 179.26975108683538 307.13126158363593 222.74495961477535 269.24504922419146 227.27446035318954 Ni-Net 0
309.5202742390393 161.838357746507 327.46634988012374 159.69275305786277 330.92443043380626 175.96177885195655 312.978356032836 178.10737959386918 HTEL 0