1 0.63769843125 0.5569796395833334 0.07852186249999998 0.0806259458333334
0 0.50143881875 0.6182614385416667 0.04350263749999997 0.05318954374999999
1 0.6824119343750001 0.508601575 0.042948868750000015 0.058869816666666706
2 0.5513926984375 0.5760273791666667 0.12466039687499997 0.12288809166666669
2 0.73644877265625 0.45949370625 0.06977254531249999 0.08982074583333333
1 0.62663539375 0.5167638583333333 0.04077078749999999 0.05436104999999997
0 0.599274571875 0.5336471010416666 0.04229914375000004 0.05479420208333335
0 0.70267645703125 0.46205696354166664 0.04285291406249998 0.04911392708333331
1 0.48085591250000004 0.5829629052083334 0.03358682500000008 0.0367591437500001
0 0.7915820679687501 0.3841171364583333 0.06128913593750003 0.06406760624999995
1 0.525153203125 0.5341713010416667 0.044056406250000006 0.04750926874999995
2 0.5813007703125 0.495887415625 0.053226540624999964 0.05010816458333333
1 0.6393070968750001 0.43732023124999997 0.08486419375000001 0.07464046249999996
2 0.7855959953125 0.3450543395833333 0.08056699062499995 0.10260867916666665
1 0.7055079906250001 0.37543306770833335 0.07351598125000001 0.0675328020833333
1 0.512870090625 0.474846146875 0.03511518125000004 0.037192293749999966
1 0.6851825773437501 0.32523360625000003 0.17974015468750004 0.17546721250000002
0 0.49935488125000005 0.42813787604166664 0.045584762499999966 0.04794241874999999
2 0.5340399734375 0.40483233645833333 0.07120494687499992 0.08049800624999998
2 0.54177951875 0.37670799062500004 0.08043403749999999 0.12008264791666672
2 0.7315868656250001 0.25955759375 0.14754873125000004 0.15661518749999997
2 0.4397500375 0.428323703125 0.07325007499999998 0.10248073958333338
1 0.49604159687500005 0.35145080416666663 0.03270819375 0.04040160833333329