264.8190622879338 172.81536434296336 282.81871947066975 172.63864299537912 283.0829037085641 187.77378097580723 265.08324653426826 187.9505020045728 HTEL 0
347.6292349999858 218.5145309999982 346.4819896728295 181.52839969096692 416.97283499997866 180.29849799997803 418.1204158273613 217.28437148231654 Ni-Net 0
335.0696542257356 186.56087161154244 357.0692360357498 186.34488098983115 357.43866680051724 207.50964498354256 335.4390850060736 207.72563500975843 Steel 0
233.94528398559487 180.3171497607407 256.9448468245537 180.0913399919043 257.2795070381835 199.26404178211945 234.27994421348558 199.48985100772234 HTEL 0
271.37902399997984 204.84319800000185 270.91377770244435 189.84898107589635 293.1138869999995 189.46152999999074 293.57917564826494 204.4557143780676 Steel 0
352.576115999982 215.42772600000467 352.2039210431103 203.43233802169274 375.3631840000162 203.02814799999442 375.73541646626836 215.023507152895 HTEL 0
390.14641000001575 247.7769609999822 388.78211136965547 203.7935592623563 452.3689089999971 202.68416100000218 453.73361413665407 246.66725034608547 HTEL 0
195.05513838485058 186.95107005424197 224.05458761597401 186.66635499395255 224.51221365874517 212.88380094148704 195.51276445345138 213.1685150151838 Steel 0
336.54258188842505 213.64619146207082 344.5424301278399 213.5676499987447 344.6656631150836 220.6276616174764 336.66581487777876 220.70620300119992 HTEL 0
338.73531999997795 224.67068899997798 338.4251488264272 214.67453968169173 357.55790199997136 214.34061600001962 357.86810026533203 224.33674449870827 HTEL 0
301.4935569190857 211.14296053468925 324.4931202818407 210.91715498741544 324.88013711328676 233.08940420001642 301.88057376981305 233.3152090120778 HTEL 0
269.9552579999727 237.87307700000082 269.49000963839353 222.8788561922216 290.6902740000078 222.50886099999383 291.15556958269735 237.5030455192256 HTEL 0
223.82264500003657 230.67710599997662 223.45044093643082 218.68173111807442 242.61032200003683 218.34733800000274 242.9825593624264 230.3426872923486 Steel 0
341.74738514710043 225.33568784996243 378.74668360535 224.97243996460355 379.27518392949423 255.25036388628823 342.2758855169377 255.61361002437778 Ni-Net 0
180.38795321619546 206.14887987361678 217.38725107519713 205.78562796980805 217.98556086461758 240.06293896171354 180.98626305371 240.42618902892625 Ni-Net 0
235.012945999988 241.48345499999718 234.54769246876822 226.48923893961464 254.7481140000309 226.1366910000207 255.21341323270462 241.1308719396967 Steel 0
310.8061955930316 228.97550845284934 334.80574231463834 228.73988896745792 335.40231946477434 262.917950855698 311.4027727775101 263.1535690316374 HTEL 0
268.16499200002 249.90615399998256 267.6687573356321 233.91227292655276 296.88133600000583 233.4024710000159 297.37764352656086 249.39629608045675 Ni-Net 0
401.63340200000675 275.5807200000122 400.7340727828705 246.5917545785181 442.12103800004115 245.86958800002154 443.02056908425584 274.8583982922544 Ni-Net 0
305.1752097730059 250.16864268550657 317.1749817786622 250.05083399235554 317.4558182412875 266.14001763777554 305.4560462441441 266.2578260074207 HTEL 0
403.50719941860007 268.3330971489305 431.506667633148 268.05821398396694 431.8943506309006 290.26864797767547 403.894882445893 290.5435300152573 Steel 0
332.2179907100508 252.3839283522252 385.2169889734796 251.86361392172066 386.0268554829963 298.26127502929637 333.0278573346004 298.78158506543696 HTEL 0
184.05122012605716 244.1212656573634 217.05059670784976 243.7972929537802 217.73563397175167 283.04331255680995 184.73625744794845 283.36728304468994 HTEL 0
391.84222163952654 287.63125291865964 407.84191759943496 287.4741779941153 408.07093137809716 300.59436148179856 392.0712354286661 300.75143600560887 Steel 0
179.12112899997737 305.4686470000064 177.54005750342913 254.48760435102247 252.21978599998693 253.18493600000244 253.80154379774467 304.1654512521618 HTEL 0
309.6065127406473 274.84305699807595 354.605663822731 274.40128792320206 355.37955942847475 318.7381788327662 310.38040844701754 319.1799440643321 HTEL 0
367.142720597476 305.06497068970634 383.1424177518784 304.9078989828018 383.3888824399037 319.02793375755414 367.38918529750663 319.18500500689623 Steel 0