437.03895859965996 276.6453057826766 463.00601900678885 278.69787943760076 459.44580001654685 304.0302417917591 433.4787417114421 301.97767817222973 Steel 0
274.8544580939779 288.1858973750717 289.8354544592439 289.3700683646425 287.3425495697302 307.1080524402589 272.3615540750325 305.92388560670906 Steel 0
452.58189855005185 275.79971173815113 445.0253440000233 306.04289000000267 384.34733820344263 297.51545291768616 391.90416199999163 267.2725399999735 Ni-Net 0
428.91435723104223 275.50333007125147 424.7703509999701 292.08813300000014 394.2744408582075 287.8022870740596 398.41851999997743 271.2175559999962 HTEL 0
256.26951815116627 262.3479214824832 298.21631129903835 265.66363618918194 292.9897696835542 302.8525785558907 251.04298138758168 299.53688701347187 Ni-Net 0
342.8243215206021 264.41412893450456 365.79517940612277 266.2298851911583 362.3995272421598 290.391277651509 339.4286710511369 288.57552948479645 HTEL 0
286.2719873242895 271.6136304723141 306.2466433262307 273.1925447360385 303.8505910622189 290.2413824001471 283.8759361132543 288.6624731633614 Steel 0
350.3010705840279 269.50408432416435 345.4257890000008 289.01560200000347 314.616110158604 284.6856546532913 319.4914769999741 265.1742210000241 HTEL 0
299.6227890966111 261.3719231181507 295.47880999998597 277.95670200002417 267.95374034867564 274.0883612329752 272.09778199998254 257.5036440000147 HTEL 0
247.29463151452364 263.10606210152315 242.17561999997997 283.59318600001893 207.30029841783107 278.69187026563856 212.41940899999463 258.2048439999998 Steel 0
410.9222667625727 250.75835797446695 405.07205000001704 274.1723030000173 358.9900490807486 267.6960569420902 364.84040900002583 244.28225299999266 Steel 0
273.9256327669136 260.7899661333164 271.0004540000227 272.4968380000159 252.91076646899455 269.95452251900554 255.83597400000144 258.24767900001297 Steel 0
331.727958370102 235.58929373688585 369.6798112487886 238.58928281205414 364.48713477904676 275.53725756346785 326.535285844584 272.5372873187797 HTEL 0
208.68848442034505 234.45446374085424 248.63780135252455 237.6123490686011 243.42819640121888 274.6807744545585 203.47888361808145 271.5229089355198 Ni-Net 0
351.48514268148574 217.15960605004543 405.41671241611766 221.42278838560136 399.25357985797746 265.27594872781407 345.3220164022787 261.01279636974897 HTEL 0
397.5459774625051 198.3873465307875 464.46107811119873 203.67688980044943 456.65702731130295 259.2058907122372 389.7419360194908 253.91639211478997 HTEL 0
345.43065128294984 196.11085288954328 329.09975499998836 261.475438999985 220.09503828339803 246.15644035754673 236.4267409999593 180.79264900000916 HTEL 0
321.72892779934045 191.77126374312272 360.679513872019 194.85027266816363 353.9474899281777 242.7513512867324 314.9969083169708 239.67236366208903 HTEL 0
420.12440851758583 195.50136166007903 413.2993189999979 222.81753700002463 369.76996005170804 216.69998572420803 376.5951749999658 189.38393400001843 Ni-Net 0
353.5085054341471 174.02138639803005 406.4413381481427 178.20571450384233 399.034133033565 230.9109693741292 346.10130653643864 226.7266709494225 Steel 0
449.3522256190772 180.42227170973175 440.5771929999901 215.54308900000572 389.27934514184017 208.33377064445773 398.05455699999584 173.21313000001985 Ni-Net 0
427.8897353211505 184.47489064980726 423.01465800002916 203.98638700000188 393.19547946324747 199.79561896220798 398.07061400002567 180.2841790000034 Steel 0
288.51575229811715 179.02401166178112 273.89097599996603 237.5591100000094 184.43352729984326 224.98704977345233 199.05884500003594 166.4524849999747 Ni-Net 0
357.35701496079855 173.55222242882516 351.01949099997 198.9172639999968 303.7382927629369 192.27243591894623 310.0759290000133 166.90750500000468 HTEL 0