1 0.42169785 0.6170509052083334 0.03089570000000004 0.034101810416666704
2 0.5929071945312501 0.5961268645833333 0.11393938906250006 0.08808706250000001
0 0.535608665625 0.5945083291666666 0.036842331250000006 0.047349991666666584
1 0.37678985390625 0.5946735770833332 0.03795470781249999 0.04351382083333336
0 0.43651879140625005 0.5841524874999999 0.03553758281250002 0.03497164166666664
1 0.5643023984375001 0.5709311781249999 0.03797979687500002 0.029362356249999996
1 0.6563378507812501 0.5469693229166667 0.10330070156249996 0.10227197916666668
0 0.32281783906250006 0.5673474458333333 0.048760678125000026 0.059694891666666666
1 0.528825278125 0.5521304802083333 0.013900556249999953 0.016760960416666748
1 0.5423490812500001 0.54640309375 0.031573162500000064 0.026139520833333308
1 0.48805354140625 0.5373514979166667 0.038607082812500075 0.04970299583333334
1 0.43730764453125004 0.515257515625 0.03399028906249999 0.0346816979166667
0 0.36355916328125004 0.5202063177083333 0.030243326562499995 0.027912635416666613
2 0.5637082007812501 0.5070184760416667 0.06179140156249999 0.06820361875000008
2 0.31035319921875004 0.5203644843749999 0.0613313984375 0.07822896874999993
0 0.3803927265625 0.5015607395833334 0.03266045312499997 0.03645481250000001
1 0.50665451796875 0.4882613770833333 0.041434035937500016 0.07652275416666665
2 0.44193431953125 0.4914172916666666 0.046368639062500085 0.037001249999999965
2 0.662006559375 0.47323350208333337 0.06776311874999995 0.06730033749999997
1 0.4875859265625 0.46199413125 0.022046853124999988 0.03648826249999999
0 0.6559842757812501 0.433909690625 0.04634355156250001 0.051152714583333335
1 0.5645525679687501 0.4340308572916667 0.08848013593750004 0.10556171458333334
1 0.31550602656250004 0.43432738020833334 0.056012053124999996 0.08532142708333333
0 0.630979328125 0.399062765625 0.027583656250000033 0.03145886458333334
1 0.34206284062500003 0.40266985729166666 0.12162568125000002 0.11783971458333332
1 0.5268959351562501 0.38289135625 0.07566687031250004 0.09911604583333335
0 0.5942681804687501 0.359334459375 0.026036360937500017 0.031168918750000014