1 0.6010568523437501 0.3617351864583333 0.07086370468750003 0.060970372916666626
0 0.45938687343750007 0.39497533125000006 0.037523746875 0.044117329166666684
1 0.65872935703125 0.37512486458333333 0.036208714062500036 0.05024972916666671
2 0.51956911796875 0.40068715 0.11413823593750001 0.09304096666666671
2 0.72166412890625 0.381080728125 0.058953257812499965 0.07466145625000002
1 0.60552472265625 0.40210201979166665 0.03292444531249999 0.045870706250000025
0 0.5758350820312501 0.40637772083333334 0.036045164062500044 0.046088775000000005
0 0.6920767117187501 0.400187946875 0.037278423437499965 0.03787589375000001
1 0.45285494453124997 0.4416422572916667 0.03070988906249994 0.029117847916666644
0 0.79773812109375 0.41223882500000003 0.054851242187499955 0.04947764999999998
1 0.511606890625 0.4544091302083333 0.038838781249999954 0.037984927083333335
2 0.57327725859375 0.4516671739583334 0.049679517187500015 0.03666768125000003
1 0.6453783109375 0.46513990833333335 0.07825662187499996 0.051113149999999996
2 0.8062371429687499 0.44910902291666666 0.06872428593749991 0.0857180458333333
1 0.72659384765625 0.4741892354166667 0.06881269531249999 0.04837847083333333
1 0.52160494453125 0.512475590625 0.03070988906250003 0.029117847916666703
1 0.7256997640625 0.5346445635416667 0.16389952812500008 0.13178912708333332
0 0.52644956953125 0.5607136468749999 0.040399139062500034 0.03809396041666666
2 0.56442523046875 0.5614597489583333 0.06322546093749999 0.06458616458333329
2 0.5823895921875 0.5812242916666667 0.06477918437500003 0.10411525000000002
2 0.7896201281250002 0.560643275 0.13236525625000015 0.12128654999999995
2 0.47425213359375 0.6019600125 0.06100426718750001 0.08725335833333336
1 0.5505940398437501 0.63116821875 0.029313079687500035 0.03316977083333335