1 0.41535708515625 0.389449890625 0.027589170312499967 0.02889978124999999
2 0.58709131796875 0.3953309697916667 0.10855763593749997 0.06982860625
0 0.5304429484375 0.402104875 0.032760896874999994 0.04170975
1 0.371766353125 0.4167455802083333 0.03415770624999999 0.037657827083333296
0 0.43254030312499997 0.42300129062499997 0.033830606250000006 0.029335914583333355
1 0.56132281953125 0.4220184229166667 0.03514563906249997 0.023203512500000006
1 0.6530928703125 0.43759032187499997 0.09681074062499997 0.08768064374999997
0 0.31892114140625005 0.44727101979166667 0.04409228281250002 0.05287537291666666
1 0.526799259375 0.4462609010416667 0.012973518750000058 0.0133551354166667
1 0.5394112156249999 0.4478434510416667 0.02882243124999997 0.020686902083333316
1 0.4859515148437501 0.46361629791666664 0.034403029687500024 0.04389926249999997
1 0.43488512343749997 0.489613440625 0.03227024687499993 0.02922688124999997
0 0.35976460234375 0.49263368958333337 0.028904204687500015 0.0227673791666667
2 0.56200505859375 0.4882733541666667 0.05526011718749997 0.05988004166666669
2 0.30904360859375 0.49868431041666667 0.055587217187499996 0.06820195416666669
0 0.38180315234375 0.509294646875 0.029231304687499994 0.031089293750000024
1 0.50523305234375 0.5104727385416666 0.0354661046875 0.07094547708333335
2 0.44268905781250006 0.512966240625 0.04475311562500002 0.03009914791666664
2 0.6611366804687501 0.5135487916666667 0.06289836093750001 0.05626425000000002
1 0.49044528437500007 0.5391199354166667 0.018390568750000027 0.03240653750000012
0 0.6586024117187501 0.5513888802083334 0.04220482343750005 0.044444427083333335
1 0.56807106015625 0.560944690625 0.07989212031249995 0.09272271458333325
1 0.31940964921875004 0.5806962552083335 0.04819429843750003 0.07805917708333338
0 0.63563083984375 0.58830061875 0.024386679687499947 0.026601237500000013
1 0.3470366015625 0.6100033499999999 0.11282320312499997 0.09917336666666661
1 0.53206035078125 0.6125947458333333 0.06724570156249997 0.08768949166666667
0 0.5996933390625 0.6320506177083334 0.02438667812499995 0.026601235416666688