446.4494122110045 203.50968533927664 469.3673500944715 206.48570059682297 464.3609206446854 228.1709626031398 441.4429859422671 225.19495669097986 Steel 0
288.3765171637788 168.04198524211975 301.3301259898435 169.72411358564602 297.6690722673811 185.58190142429797 284.71546451844915 183.89977624505573 Steel 0
458.80967824057734 210.46813187488243 450.34439800001564 231.09281899998226 392.2632178974163 217.6839730957837 400.72859699997935 197.05941900001767 Ni-Net 0
433.5257168306998 214.89418239746854 428.90825599999516 226.14389599997565 400.68218957392673 219.6274548150407 405.2996770000027 208.37777699998023 HTEL 0
269.26317989316885 170.81345473969915 306.1311565442884 175.6010234699673 298.5663756512804 208.36774925328194 261.69840579219454 203.58020047690954 Ni-Net 0
352.2337796274951 198.1791583933625 372.1624206670094 200.76700567472687 367.22217810878647 222.16558279325727 347.29353972717945 219.57774332032247 HTEL 0
296.24479025398614 187.3056892538373 314.1805594453035 189.63476866340972 310.6341460340627 204.9959903939876 292.69837844534777 202.66691569271012 Steel 0
356.6546219091106 203.30491221486136 350.8828319999884 217.36704400001827 322.17728387498937 210.7399034348302 327.9491060000146 196.67781499998642 HTEL 0
305.1419903912756 202.70164981695402 300.1397700000234 214.88882199999557 274.67700598208467 209.01032504474034 279.67925099997956 196.82318599997848 HTEL 0
254.65468633185083 187.96678773889428 248.49815599998692 202.96641700000387 215.7353343533032 195.4025933950358 221.89190099998086 180.4030129999965 Steel 0
412.06230628929916 231.49121316088903 405.52086800002144 247.42839900000808 361.8799928556109 237.35326526057997 368.4214939999947 221.41616399998685 Steel 0
279.99301739509974 202.02711190894297 276.5299370000139 210.4643670000252 259.5014832903689 206.5330598659757 262.9645750000054 198.0958200000206 Steel 0
337.6915235153865 212.26898604144182 370.5738003523584 216.5388846485003 363.0972462512 248.92347872071247 330.21497669607925 244.65360150676662 HTEL 0
216.71925242109864 189.47185641872005 252.59080937663384 194.12998702700952 245.04808085977857 226.80120128034775 209.17653113800043 222.1430919235447 Ni-Net 0
407.4983802967472 240.7004200936752 394.80028999998467 271.63726499999683 341.7812935893744 259.3970831477324 354.47954199997184 228.46045100001663 HTEL 0
464.2606395519397 259.96256407125264 447.71453699999256 300.2743470000241 381.40447567158844 284.96582611829734 397.950858999975 244.65442100000752 HTEL 0
340.9687632688292 239.7081344617775 321.3446919999842 287.52043500000286 218.67875129624736 263.81896945881067 238.30329900003562 216.00730999999223 HTEL 0
321.4987701723294 242.39863319250898 354.3811060263397 246.668432735958 344.20514652367274 290.74557526199015 311.32282212667633 286.4758093777593 HTEL 0
412.3322630803159 282.8686982897004 403.8666309999826 303.4932139999951 362.34939372210647 293.9083696118187 370.8151209999778 273.28398199997787 Ni-Net 0
350.9535555846378 261.51445742830066 396.7895463111199 267.4662080586973 385.87685271188093 314.7345040266435 340.04088049659913 308.7828077795102 Steel 0
438.1846187433257 296.02119727839084 427.02530800001114 323.20807299998086 379.51714282236935 312.24016795157496 390.67660499997146 285.0534959999879 Ni-Net 0
416.54337139574636 300.2619123820158 410.3864500000054 315.26147399999695 382.4950754876045 308.82232052587716 388.65204599998833 293.8228250000094 Steel 0
281.9501412528916 248.6616813476892 263.4802689999924 293.6611590000259 179.8068021578365 274.344179883005 198.27705399999104 229.34521300000435 Ni-Net 0
345.5930961901322 294.144614110437 338.28181299999414 311.95676000002214 293.3465949011588 301.5828562168856 300.6579700000293 283.7708339999949 HTEL 0