0 0.6901830656250001 0.36434564166666666 0.04599113125000001 0.05785795
0 0.42927711796875007 0.39076793645833335 0.02730423593750002 0.03986920625000003
2 0.643855775 0.3788453520833333 0.09708654999999995 0.08269070416666663
1 0.6338299585937501 0.3909659385416666 0.0489099171875 0.044431877083333286
2 0.42262352890625005 0.424103478125 0.07337205781250003 0.08570695625000001
1 0.5439959562500001 0.414911275 0.041116912499999984 0.05482255000000003
0 0.4548880609375001 0.42388719062499997 0.03477612187500006 0.039441047916666666
1 0.513884103125 0.42113579791666667 0.04964320624999994 0.05060492916666668
1 0.43932756484375 0.450893746875 0.04428012968749995 0.04345416041666669
0 0.35146784296875 0.4603164510416667 0.0560606859375 0.05396623541666668
0 0.59782243359375 0.44436212187499996 0.0737698671875 0.06372424375
0 0.40833430859375003 0.46094963125000005 0.029168617187499992 0.03023259583333336
1 0.5429745031250001 0.45886833541666666 0.06719900625 0.08440333750000004
2 0.352330265625 0.49252757291666666 0.07028553125000002 0.08505514583333328
1 0.58730389375 0.48431529479166663 0.09335778750000001 0.10196392291666664
1 0.6689919617187501 0.49566760625 0.1161089234375 0.12883521250000005
1 0.4454789125 0.5482165302083333 0.17533282499999991 0.17143306041666667
1 0.53415299296875 0.5432652166666666 0.07143098593749997 0.10736376666666665
2 0.6241213960937501 0.5521552989583333 0.07011779218749999 0.07097726458333327
0 0.5954446921875001 0.5621619208333333 0.09401438437499997 0.12015717499999994
2 0.66487553203125 0.5677767020833334 0.08287606406250002 0.0897200708333333
0 0.6490499710937501 0.5751395125 0.04809994218750005 0.05027902500000003
2 0.37839991250000005 0.5983352041666666 0.14429982500000005 0.150837075
1 0.5285259937500001 0.6153327583333333 0.07580198750000006 0.06816551666666666