1 0.39921875 0.58125 0.029687500000000002 0.03333333333333333
2 0.5671875000000001 0.6260416666666666 0.1125 0.08958333333333333
0 0.51484375 0.6041666666666666 0.035937500000000004 0.04583333333333333
1 0.36250000000000004 0.54375 0.037500000000000006 0.041666666666666664
0 0.42109375000000004 0.5552083333333333 0.035937500000000004 0.035416666666666666
1 0.546875 0.59375 0.037500000000000006 0.029166666666666667
1 0.6390625000000001 0.60625 0.10312500000000001 0.10416666666666667
0 0.31640625 0.496875 0.0484375 0.06041666666666667
1 0.5164062500000001 0.5604166666666667 0.0140625 0.016666666666666666
1 0.53046875 0.5625 0.029687500000000002 0.025
1 0.47968750000000004 0.5322916666666666 0.037500000000000006 0.04791666666666666
1 0.4375 0.49166666666666664 0.034375 0.03333333333333333
0 0.36484375 0.465625 0.029687500000000002 0.027083333333333334
2 0.55859375 0.5302083333333333 0.060937500000000006 0.06875
2 0.31484375000000003 0.44479166666666664 0.060937500000000006 0.07708333333333334
0 0.38671875 0.4552083333333333 0.0328125 0.035416666666666666
1 0.5085937500000001 0.49166666666666664 0.0421875 0.075
2 0.446875 0.46875 0.046875 0.0375
2 0.66015625 0.5354166666666667 0.0671875 0.06666666666666667
1 0.49843750000000003 0.459375 0.021875000000000002 0.035416666666666666
0 0.6648437500000001 0.49895833333333334 0.045312500000000006 0.052083333333333336
1 0.5765625 0.46249999999999997 0.08750000000000001 0.10416666666666667
1 0.33906250000000004 0.365625 0.05625 0.08541666666666667
0 0.64765625 0.4552083333333333 0.026562500000000003 0.03125
1 0.36953125000000003 0.34479166666666666 0.1203125 0.11875
1 0.55 0.4 0.07500000000000001 0.1
0 0.62109375 0.4010416666666667 0.026562500000000003 0.03125