180.90099897068285 178.24258366214866 203.90056188531162 178.01677399130818 204.25267403676116 198.18932390445278 181.2531111370481 198.4151330084726 Steel 0
352.8935875893512 176.31696386772919 365.89334048905584 176.18933199519861 366.15685842094535 191.28629736625368 353.1571055274253 191.41392900463987 Steel 0
194.3558469999698 204.1873379999806 193.6736264199135 182.1956002334136 249.96336500000325 181.21335399999978 250.6457395201869 203.2049734655866 Ni-Net 0
216.3524960000359 203.8033850000068 215.98030905610358 191.80798355580006 243.13895500003127 191.3339980000064 243.51118347949523 203.3293675245605 HTEL 0
347.01346931666194 183.23738057440792 384.012767148306 182.87412297890762 384.54126874668873 213.15203586578184 347.5419709527341 213.51529202010008 Ni-Net 0
277.1660167443042 192.58761773558916 297.1656359636836 192.39126299053882 297.5173482789978 212.54091079390204 277.51772907358827 212.73726500909572 HTEL 0
336.1922012726427 193.57289110133428 354.19185949271196 193.39617199516283 354.43859075938235 207.53146422947577 336.4389325479715 207.7081830044379 Steel 0
294.497687999974 211.44072700002715 294.03245582470845 196.44648628742013 321.2317890000122 195.97179700001806 321.69707478802593 210.9659965119712 HTEL 0
344.6471439999732 219.5667360000149 344.2439352782094 206.57173103751362 368.41660799997044 206.1498580000025 368.8198598710005 219.14482980299545 HTEL 0
397.63907200001995 218.64175899997358 397.14283814959344 202.64788082931628 428.3551119999902 202.10317099998412 428.85141362217837 218.09699708899217 Steel 0
234.8035169999639 229.48528200000186 234.27631089602073 212.491707904121 276.500429000007 211.75487100002573 277.02773726203304 228.74836658927515 Steel 0
368.6609409999801 220.1477260000087 368.38178201309347 211.15119871024618 384.50143299996853 210.86985799998078 384.7806121555186 219.86636979043604 Steel 0
275.4612792718399 209.5206790009288 308.46065343008377 209.1966979663243 308.98862080946856 239.44407944246146 275.98924668927793 239.7680590226862 HTEL 0
395.52986545131716 212.40272254736638 431.5291834418895 212.04928995639096 432.05754960144986 242.31957604022074 396.0582316530781 242.67300702304152 Ni-Net 0
240.2565180000238 255.39405999997504 239.23319460569473 222.40657574118183 288.6731249999866 221.543917999978 289.6966993769456 254.53120938441012 HTEL 0
182.54459000003408 272.40386300000495 181.21131979642087 229.42005329609768 242.784845999995 228.34581600001218 244.1185438415414 271.32929707588744 HTEL 0
308.80463900000905 286.2024230000257 307.2238271631795 235.22094309434405 404.8997919999965 233.51730700001366 406.481438917981 284.4981451742498 HTEL 0
285.03583712968975 242.3585725413725 318.03521542846283 242.0345999467058 318.7726089755597 284.2801628396488 285.7732307391416 284.60413305164843 HTEL 0
224.76507500003208 284.6688819999929 224.08281691321463 262.6772223227758 263.37518200001796 261.99158900001237 264.05759250657866 283.9831315474023 Ni-Net 0
239.2505395738408 255.06029559720017 285.24967137396743 254.60870193742423 286.0237015876919 298.9532210677751 240.02456988353515 299.4048110600472 Steel 0
198.01352100002987 299.1379649999982 197.11422784523165 270.1489434177446 241.50070000003325 269.37447600001616 242.4002291935176 298.3633161947919 Ni-Net 0
215.94097000001057 294.824431000025 215.444725158668 278.8305524524286 241.65777100002742 278.3731039999983 242.15409338270547 294.3669229596258 Steel 0
364.12785699998494 304.2396469999784 362.63984098040964 256.2573718221202 441.278261999978 254.8856690000266 442.7669587663695 302.8674210497994 Ni-Net 0
287.1570369999972 306.58332999999766 286.5678402515914 287.59045131750736 329.8188929999742 286.83577000002424 330.40824704141414 305.8285278089989 HTEL 0