0 0.7091027296875 0.4356638333333333 0.043205459375000026 0.054660999999999994
0 0.4519057195312501 0.3727640989583333 0.02568643906250001 0.03719486458333332
2 0.662534909375 0.4340730833333333 0.09381981875000003 0.0764795
1 0.65032075859375 0.44354580104166663 0.04751651718750001 0.041258268749999986
2 0.43942949375 0.39876343645833334 0.06948398749999996 0.08086020624999997
1 0.55819913828125 0.4338488510416667 0.03827327656250006 0.05103103541666668
0 0.4702937945312501 0.40879221145833333 0.03433758906250004 0.038417756250000025
1 0.5282977359375 0.42754471666666666 0.04722047187500005 0.04675609999999999
1 0.44982157187500005 0.43332649687499997 0.04339314375000001 0.04165299375
0 0.36433095625 0.4087959677083333 0.05366191250000001 0.05092526875000001
0 0.604084084375 0.481517775 0.07066816874999997 0.0588688833333333
0 0.41858139453125 0.430035871875 0.027787789062500057 0.026738410416666684
1 0.54734847578125 0.47476835520833327 0.06344695156249998 0.07870337708333329
2 0.35823273515625004 0.4419742291666666 0.06646547031250001 0.0797817916666667
1 0.58523135859375 0.5164400322916667 0.0892127171875 0.09538006458333328
1 0.66349643671875 0.5568203302083333 0.11136787343750001 0.12197399374999994
1 0.4386032921875 0.5294786625000001 0.167831584375 0.1589573250000001
1 0.5232124046875 0.5535090958333332 0.06829980937499994 0.10285152499999993
2 0.6088790046875 0.5930669916666667 0.06775800937499997 0.06530065
0 0.57873949296875 0.5944429489583333 0.08872898593750006 0.11388589791666667
2 0.6455197718750001 0.623297721875 0.07853954375000001 0.08409544375
0 0.62910560625 0.6251917791666667 0.045711212500000015 0.046216891666666746
2 0.3632736515625 0.5560177822916667 0.139047303125 0.14120223124999995
1 0.50368061796875 0.619216390625 0.07298623593749998 0.06343278125000004