1 0.6035292343750001 0.4244129958333333 0.03205846875000003 0.03632599166666666
2 0.43777599296874997 0.36731747604166665 0.11617698593749992 0.09713495208333332
0 0.48960885390625003 0.39575947604166667 0.03859270781250004 0.04985228541666669
1 0.6400481703124999 0.4668549104166666 0.039471340624999934 0.046209820833333325
0 0.5808217679687501 0.4500627197916666 0.036643535937499916 0.03762543958333335
1 0.4568628304687501 0.4036891583333333 0.03872566093750001 0.03237831666666662
1 0.36577451796875 0.38415277499999995 0.10654903593749997 0.10997221666666666
0 0.68483275390625 0.5169533510416666 0.05091550781249996 0.06307336875
1 0.48537543984375003 0.43803159062499997 0.014500879687499958 0.017729847916666645
1 0.47239368828125006 0.4372206229166667 0.032287376562500025 0.028607912499999995
1 0.5202229625 0.469911621875 0.04044592500000004 0.05232324375000002
1 0.562870090625 0.5144294791666667 0.03511518125000004 0.037192291666666696
0 0.63429194140625 0.5421896187499999 0.03108388281250001 0.030212570833333292
2 0.44143346953124996 0.4634093270833333 0.06411693906249996 0.07265198749999999
2 0.6836689468750001 0.5682872708333333 0.06421289375000008 0.08240787500000006
0 0.61226834375 0.5527318083333332 0.03391168750000002 0.038796949999999934
1 0.49108456640625003 0.5081573697916667 0.04466913281250005 0.07881473958333345
2 0.55179601328125 0.5349120770833333 0.04734202656250002 0.04065748750000005
2 0.34120275 0.4528400552083333 0.0699055 0.07234677708333331
1 0.5008315296875001 0.5418180229166667 0.023538059375000045 0.03780271250000003
0 0.33654385234375 0.4918278291666667 0.04808770468749999 0.05448899166666668
1 0.4226825328125 0.5329604072916666 0.09224006562499998 0.11175414791666659
1 0.6562619593750001 0.6464965874999999 0.05939891875000001 0.08882650833333336
0 0.3502759484375 0.53546094375 0.02867689687499997 0.033421887500000004
1 0.62359256015625 0.663481853125 0.12531012031249997 0.12696370625000006
1 0.44593174843749994 0.5979400020833334 0.07936349687499994 0.1042133375
0 0.37451177031250005 0.5894110354166667 0.02714854062500001 0.03298873750000008