247.8488334130816 190.73328499423752 266.848471993726 190.9198228424556 266.5667015592044 207.06244400549022 247.56706298889185 206.87590655323805 HTEL 0
401.97083241735527 160.41802739191283 400.6684590000077 202.40213199999096 329.10955008061137 201.1532432509679 330.41227399997297 159.1694080000177 Ni-Net 0
319.0648999444966 178.97438598963714 342.06446301410324 179.2001955439315 341.67744601130835 201.37244000992888 318.67788295814535 201.14663108512283 Steel 0
221.57355400202505 206.277085990202 245.57309832693136 206.51270989642745 245.22085293283453 226.69289700915826 221.22130862575432 226.45727378348312 HTEL 0
282.8510979493876 203.34601992557933 282.35483600001317 219.33985499998158 259.1412644628872 218.9346821984292 259.63757700003043 202.9408860000233 Steel 0
364.0734194111428 189.76148183445878 363.6391900000308 203.75608899999273 340.4527564302407 203.35139153554542 340.88702699998976 189.35681599997469 HTEL 0
379.2826386804518 167.02350994777277 444.2814069956512 167.66166573348985 443.41758203852805 217.15045404946792 378.41881382839347 216.5123022744194 HTEL 0
187.26458785771683 223.68096197896773 218.2640002568951 223.98530524015177 217.77120406470203 252.2177220300886 186.7717917009577 251.9133801206209 Steel 0
327.574862843976 207.12719299846788 336.5746923820552 207.21555217969728 336.4338741488609 215.28304601127923 327.43404461340106 215.19468692958648 HTEL 0
349.76919365151844 205.5142511305526 349.3969890000153 217.50962300001115 330.23707500273304 217.17520278067786 330.60931100000744 205.17985500001365 HTEL 0
296.4748686381063 212.5852539866293 320.47441336122574 212.82087663256922 320.0698113050021 236.00060901281228 296.07026660305564 235.7649871767685 HTEL 0
291.2912508251611 235.49821246333238 290.79498799997964 251.49205300002416 268.5812583920051 251.10433366873738 269.0775769999891 235.11053600001378 HTEL 0
242.04860201352858 246.64052264470538 241.64537899996503 259.6355140000135 222.4718903111352 259.30085809729695 222.87515399999393 246.3058979999842 Steel 0
339.52067533165973 210.33616497380302 377.51995505612285 210.709233723484 376.95641652426275 242.9944830247825 338.95713684709335 242.62141608005686 Ni-Net 0
180.91645188702387 243.57320195962097 219.91571347491117 243.956079150195 219.26478093897458 281.24821003867106 180.26551941598882 280.8653353252311 Ni-Net 0
236.82066413930443 249.5497749915502 256.8202843702602 249.74612321992882 256.5209288203914 266.8962340080539 236.52130860449688 266.69988635455957 Steel 0
312.24554841115605 225.86251296476567 338.24505693679384 226.1177677884043 337.6133084841422 262.31079302438815 311.6137999975035 262.0555396915946 HTEL 0
300.1599056899431 244.6543402137513 299.601640999972 262.6474490000133 270.3618502774043 262.1371136722924 270.9202009999717 244.14407100000898 Ni-Net 0
444.97350103956705 210.17632056569536 443.98111399998015 242.1640979999764 400.55355054777465 241.40614088395654 401.5461399999913 209.41851899999938 Ni-Net 0
310.80939313949784 250.84125299155198 324.80912776816695 250.97869663544594 324.5105718496052 268.08299700834107 310.5108372314862 267.945553767717 HTEL 0
411.1432103747211 232.58953998404348 440.14265974437876 232.87424740913605 439.71993854698667 257.0920040151877 410.72048920657835 256.8072977062043 Steel 0
341.1015085766121 234.36741392712074 396.1004687435343 234.9073691792338 395.22052611260733 285.319681069828 340.22156606821227 284.77973049395644 HTEL 0
197.28557452355744 279.8644099462359 232.28491355381266 280.20800768245863 231.58215826602827 320.4691520516974 196.58281930758676 320.12555706080155 HTEL 0
404.7078153120674 257.4810179932464 421.7074919240258 257.6479137369251 421.44344000000274 272.77542399999976 404.4437633996131 272.60852869886963 Steel 0
272.9805307843344 284.1851718249079 271.2444649999816 340.1643539999885 194.496445543773 338.8250184835896 196.2333750000107 282.84650000001074 HTEL 0
327.56246370896406 265.13581192842133 375.56155801852583 265.6070356596937 374.73490497417515 312.96636906846686 326.7358107762266 312.4951496020168 HTEL 0
387.2740942478413 282.1805189926157 404.2737706355547 282.3474110413412 404.00971973562264 297.47492500722217 387.0100433605694 297.30803344226564 Steel 0