1 0.5910151703125001 0.6497536343749999 0.06953034062499999 0.06200726874999998
0 0.45262734218750006 0.5993731322916667 0.036504684375000006 0.04457959791666669
1 0.6495432460937501 0.6420809895833333 0.036586492187500055 0.050828645833333276
2 0.509966359375 0.6013019500000001 0.11368271875000008 0.09427056666666675
2 0.7129863273437501 0.6423517802083334 0.06034765468750001 0.07637022708333335
1 0.5979537140625001 0.610794946875 0.03340742812500004 0.04658989375000004
0 0.5698284765625 0.6004146406249999 0.036531953124999995 0.04666261458333333
0 0.6846175687500001 0.6212667875 0.03798513750000004 0.03836690833333331
1 0.44784487500000003 0.552426525 0.03006475000000002 0.02985305000000006
0 0.79016681796875 0.6214658114583335 0.055333635937499896 0.05126495625000006
1 0.50727369921875 0.5462849677083333 0.03954739843750002 0.03840326875000007
2 0.56821048515625 0.5588940447916666 0.04892097031249998 0.03862142291666662
1 0.6409599179687501 0.5519466802083334 0.07879483593750002 0.05389336041666664
2 0.80055378671875 0.585168396875 0.06985757343749999 0.08700346041666668
1 0.72296473125 0.5518197406249999 0.06780446250000001 0.04947281458333327
1 0.52206350546875 0.4899447041666667 0.0316270109375 0.029889408333333378
1 0.7250654796875001 0.492487503125 0.16263095937500013 0.13497500625
0 0.5299298304687501 0.44005314687499997 0.041109660937499994 0.03843962708333333
2 0.5676054164062501 0.447597265625 0.06333583281250003 0.06602786458333335
2 0.58581947109375 0.4288625895833333 0.06538894218749994 0.10355851250000002
2 0.7929683171875 0.4723512177083333 0.13281163437500007 0.12386910208333338
2 0.48103676640625004 0.394452340625 0.06207353281249999 0.08890468125000002
1 0.55801487890625 0.37428318645833336 0.028529757812499935 0.03189970624999999