1 0.59810312578125 0.4125930145833333 0.0305812515625 0.03351936249999999
2 0.42852138437500004 0.37621146562499996 0.11329276875000005 0.08575626458333332
0 0.48381316875 0.39626060312499994 0.03637633749999996 0.046687872916666665
1 0.63752317421875 0.45056974583333337 0.03754634843749996 0.04280615833333332
0 0.57699190625 0.44214052291666667 0.03523381250000002 0.03428104583333334
1 0.45169462890624995 0.4080427104166667 0.037764257812499924 0.02858542083333333
1 0.35901715546875 0.4001337729166667 0.10240931093750004 0.10026754583333333
0 0.6850297078124999 0.4960687447916667 0.048184415624999935 0.05880415624999996
1 0.48186988671875003 0.43950289375 0.013739773437499991 0.016505787500000046
1 0.46881021171875 0.43983435312499997 0.03137042343749998 0.025502039583333296
1 0.51905880546875 0.46825478541666665 0.03811761093749997 0.04900957083333335
1 0.5637164796875 0.506596909375 0.03368295937500001 0.03402715208333333
0 0.6353174953125 0.5282413083333333 0.030009990624999983 0.027315949999999964
2 0.43995625312500003 0.4710193625 0.06116250625 0.06703872500000004
2 0.6865318773437501 0.5468952604166667 0.06056375468750002 0.07712385416666667
0 0.6145987632812501 0.5387538645833333 0.03232252656250001 0.0358410625
1 0.49060904140625006 0.5087788479166666 0.04059308281250003 0.07589102916666661
2 0.55429489296875 0.5284458208333334 0.046089785937500065 0.03605830833333338
2 0.3382752484375 0.47049325 0.06717549687499998 0.06598649999999999
1 0.50457848671875 0.5409824697916666 0.02165697343750006 0.03613160624999997
0 0.3354359390625 0.5105561885416667 0.045871878125 0.050279043750000106
1 0.42498601953125004 0.541549340625 0.08747203906250008 0.10393201458333341
1 0.6650610125 0.6276064135416667 0.05512202499999992 0.08437949375000002
0 0.35270706250000006 0.5529718843749999 0.027289125000000025 0.030943768749999972
1 0.6337431109375 0.649400271875 0.12061122187500005 0.11546721041666667
1 0.45140468515625004 0.6030492916666667 0.07468437031250001 0.09776525000000001
0 0.3816191359375 0.6028449385416667 0.02573827187500002 0.03068987708333341