1 0.3886920265625 0.6222483333333333 0.07738405312500003 0.07782999999999991
0 0.5322515609374999 0.6092172072916665 0.04262812187499998 0.05176774791666657
1 0.33345166796875003 0.5975305145833334 0.04190333593749998 0.0575610291666667
2 0.47243775468750004 0.5966864760416667 0.12300050937500001 0.1183729520833334
2 0.27005783515625004 0.57922053125 0.06824067031250003 0.08760772916666669
1 0.3870984609375 0.5786312802083332 0.03982192187499996 0.05309589374999994
0 0.41755534140625006 0.5808954979166666 0.04136068281250003 0.05345766249999997
0 0.30073023593750003 0.567582190625 0.04208547187499998 0.04766438124999996
1 0.5415175171875001 0.5657152333333334 0.033035034375000015 0.035597133333333274
0 0.19580924062500002 0.5372011177083333 0.06036848125000001 0.06190223541666668
1 0.48573895390625 0.5438205666666666 0.04335290781249999 0.04597446666666668
2 0.42316773984375006 0.5365725333333333 0.05258547968750005 0.048145066666666736
1 0.35449628125000004 0.5107160520833334 0.08399256250000003 0.07143210416666672
2 0.19253993515625 0.5000183729166667 0.07882987031250002 0.1000367458333334
1 0.27383928984375 0.48656485208333333 0.07267857968749998 0.06479637083333334
1 0.47978689843750005 0.4825627833333333 0.03457379687500008 0.035958899999999974
1 0.27932303828125005 0.4282157354166667 0.1773960765625 0.16893147083333335
0 0.48025833515625005 0.43358478333333333 0.044891670312499965 0.04633623333333331
2 0.4412307851562501 0.4286197572916666 0.06996157031250005 0.07807284791666665
2 0.42815963593750006 0.4068058447916666 0.07819427187500008 0.11777835624999995
2 0.21794460468750004 0.39238552395833337 0.14526420937500004 0.15143771458333333
2 0.5357036921875 0.40222313020833333 0.07140738437499997 0.10027959375000002
1 0.46289446171875004 0.36133603229166666 0.03203892343749999 0.03933873124999998