0 0.296875 0.40625 0.037500000000000006 0.04583333333333333
0 0.55625 0.37916666666666665 0.021875000000000002 0.03333333333333333
2 0.34453125 0.41041666666666665 0.0890625 0.05416666666666667
1 0.35468750000000004 0.42083333333333334 0.043750000000000004 0.029166666666666667
2 0.56796875 0.4083333333333333 0.060937500000000006 0.06666666666666667
1 0.44609375 0.42604166666666665 0.0328125 0.04375
0 0.53671875 0.41562499999999997 0.029687500000000002 0.03125
1 0.478125 0.42604166666666665 0.043750000000000004 0.035416666666666666
1 0.55390625 0.43854166666666666 0.0390625 0.03125
0 0.6421875 0.42916666666666664 0.05 0.0375
0 0.39765625000000004 0.4666666666666667 0.0671875 0.041666666666666664
0 0.5867187500000001 0.44375 0.026562500000000003 0.020833333333333332
1 0.45546875000000003 0.4708333333333333 0.0546875 0.06666666666666667
2 0.6453125000000001 0.46249999999999997 0.059375000000000004 0.06666666666666667
1 0.41328125000000004 0.5041666666666667 0.07968750000000001 0.075
1 0.3328125 0.5322916666666666 0.1 0.09791666666666667
1 0.55859375 0.5375 0.1546875 0.12083333333333333
1 0.4734375 0.55 0.05625 0.09166666666666666
2 0.384375 0.5770833333333333 0.0625 0.05
0 0.41328125000000004 0.5833333333333334 0.0765625 0.09583333333333333
2 0.34687500000000004 0.6020833333333333 0.07187500000000001 0.06666666666666667
0 0.36250000000000004 0.60625 0.040625 0.0375
2 0.63203125 0.5739583333333333 0.1265625 0.11041666666666666
1 0.48750000000000004 0.61875 0.06875 0.04583333333333333