435.88423045577656 169.2550939814695 461.79145369518665 172.6193401359755 455.8190502197249 198.48870593753034 429.91183063481003 195.12447051924795 Steel 0
273.46019416952913 174.86132198315784 288.4066683214769 176.8022324209472 284.2515895429824 194.79988058993578 269.3051168654347 192.85897448384006 Steel 0
452.6805131587753 181.34287923908846 440.752336000005 210.40484399999113 379.284048834088 196.21399982224779 391.21235599996 167.15221000002524 Ni-Net 0
428.0312027408945 188.99436240504087 421.4898859999812 204.93145200002076 390.51596845733 197.780621073696 397.05732200003695 181.84358099997914 HTEL 0
256.2955881340895 178.08269234258364 298.1457354225131 183.5172020798332 289.34589225871605 221.63359459185898 247.49575442452624 216.19911262981782 Ni-Net 0
342.3409433675988 187.68478497003787 365.25887947063893 190.66082244809382 359.57760543809854 215.26917409573412 336.65967270462716 212.29314651710453 HTEL 0
286.12575232356903 191.12735000316886 306.05438514794514 193.7152105101398 302.0139449382259 211.21629312183774 282.08531419462815 208.62843872761917 Steel 0
350.7835626135784 196.81792994272664 343.0878710000252 215.56743599998893 311.6344233341806 208.3058980883768 319.33016099996166 189.55645400001123 HTEL 0
300.30920471370337 208.7700201615622 293.7678269999742 224.7070879999907 265.7169584913936 218.23108932635617 272.2583730000042 202.29407100001728 HTEL 0
248.7811990334012 208.16313218677925 240.7006890000048 227.85013600001957 205.18988031632034 219.6519062379137 213.27044800003932 199.96497999997428 Steel 0
412.58329511802003 212.111686135111 403.3484299999691 234.61120299999092 356.64001957360597 223.82787203621578 365.87497300002724 201.32847400001845 Steel 0
274.6250763009448 214.1297684383794 270.0076100000297 225.3794349999963 251.5252472555585 221.11246908927464 256.1427309999999 209.8628259999745 Steel 0
334.09480417642044 201.17557682872055 371.95924420411757 206.09245328510715 363.24763602817256 243.82667721117568 325.3832054279337 238.9098284510984 HTEL 0
210.2714776758512 208.50935363388078 250.12878829984402 213.68498991692888 241.37305274583923 251.61035543420508 201.51575243442494 246.43474944817729 Ni-Net 0
413.80042528777267 223.68180829539895 398.0241709999973 262.11851600002007 338.854718734583 248.45841519512942 354.6311799999967 210.02198600001458 HTEL 0
401.25171485218743 212.57476138506152 468.01275115212775 221.24387109877998 454.83718637646234 278.31374259368323 388.0761778076703 269.6447143504968 HTEL 0
352.2953879852139 242.32273790280945 326.5148059999774 305.13491600000395 215.4451262803923 279.4933968649171 241.2264100000175 216.68216300002567 HTEL 0
326.22147608919477 235.27852462347536 365.0824143677164 240.32466651370348 353.87428585105226 288.87265495376 315.01336223460385 283.82655613851665 HTEL 0
425.2856806188356 262.25420260351547 414.5113890000357 288.50358099998624 370.086432888711 278.247439915442 380.86084599999595 251.99822500002244 Ni-Net 0
359.1250883934845 243.90122706606127 411.9361099581147 250.75874785009853 399.51929465787543 304.5421560584705 346.7082961901906 297.6847031301024 Steel 0
455.79556379867427 269.2978197407773 441.942882000003 303.0470720000027 389.41848477996245 290.92109468261856 403.2713579999836 257.17209999997937 Ni-Net 0
431.8007285558997 277.1004242274561 424.10470399998303 295.849893000019 393.6252771065483 288.81324689027576 401.32136399995943 270.06386200002385 Steel 0
296.7588307319238 264.39585979169294 273.67136399996525 320.64525800001815 182.23331717395922 299.5358109054852 205.32134300003236 243.28716499999499 Ni-Net 0
363.12717623703065 289.98217940468686 353.1223139999929 314.35665599997895 305.1193929641886 303.27453355547334 315.12438899997505 278.90023699999875 HTEL 0