0 0.7148654273437501 0.525746915625 0.04535585468750006 0.05566049791666666
0 0.4679848859375 0.6360011718749999 0.026594771874999968 0.03866901041666668
2 0.66762038125 0.5369239697916667 0.09774076249999997 0.08218127291666662
1 0.65508344375 0.5296809802083333 0.04766688749999997 0.04269529375
2 0.4515523359375 0.6131201447916667 0.07185467187499998 0.08457362291666672
1 0.56477128515625 0.5551117135416667 0.03891757031249998 0.05189009374999998
0 0.48022002109374995 0.5966983833333334 0.035440042187499986 0.039230100000000094
1 0.5352582375 0.5660710250000001 0.04864147499999998 0.04880871666666676
1 0.45840501875 0.5781834020833333 0.04493503749999999 0.04386680416666664
0 0.37441487890625 0.61587289375 0.05507975781250005 0.052579120833333326
0 0.605183128125 0.50047859375 0.07286625624999994 0.06345718750000001
0 0.4257152640625 0.5836397114583333 0.029555528125000043 0.029779422916666576
1 0.54849562421875 0.514337178125 0.06574124843749996 0.08284102291666666
2 0.36485065781250003 0.583736903125 0.07032631562500002 0.08414047291666667
1 0.58497212421875 0.46873022604166664 0.0918192484375 0.09996045208333335
1 0.6559057460937501 0.41506806770833327 0.11493649218749998 0.12596946874999998
1 0.43552775078125 0.48402717187500005 0.17418050156249995 0.16805434375000014
1 0.5166715437500001 0.44451169479166663 0.07084308750000004 0.10569005625000004
2 0.59729031875 0.38932115104166665 0.06958063750000001 0.07030896874999998
0 0.56944307890625 0.3930694479166667 0.09201115781250008 0.11947222916666664
2 0.629574903125 0.35191959270833334 0.08102480624999996 0.08717251875000004
0 0.614181559375 0.3533544510416667 0.047113118750000016 0.04837556874999998
2 0.3576962171875 0.4727344 0.14351743437499992 0.14963546666666663
1 0.49064716796875 0.3818996427083333 0.07504433593749998 0.06796595208333335