440.1269640863029 256.68417235584525 462.97664268902736 252.75501351911294 469.9710515401239 275.63282997375615 447.121380159806 279.56197258360316 Steel 0
282.65343734266935 295.7006745368791 295.5684884217044 293.47990166039614 300.4371197237924 309.404545465502 287.522071874846 311.6253110849459 Steel 0
401.3771519999864 287.2732390000008 390.16681830820744 266.64929037291495 448.2056690000172 248.90541500002234 459.4160861893033 269.52919181711223 Ni-Net 0
405.8115009999892 274.41491400000297 399.475224784328 262.75802171500095 428.78720200002135 253.79654400000786 435.1235016960709 265.45338796962784 HTEL 0
259.0351174760872 276.59375076699916 296.78681730983953 270.10221298675 306.9699344817491 303.41000773050837 269.2182535766915 309.90150298258976 Ni-Net 0
345.24147601892764 260.9956637772478 365.1107655150554 257.5790122368687 371.7013342864084 279.135912252851 351.8320507949102 282.55255030242944 HTEL 0
295.5684689999907 293.4799049999965 288.74470420480066 280.9264055316041 309.6450560000085 274.5365770000245 316.4688401834428 287.0900365724675 Steel 0
328.6675749999995 285.45187799999894 320.8690414504963 271.10496840552446 349.8098559999926 262.2569649999869 357.60841913514014 276.60381371536016 HTEL 0
279.0433040000062 283.8924710000102 272.21958572517906 271.3389283625672 298.8577190000069 263.1949120000039 305.68146107565553 275.74840566223804 HTEL 0
222.0365799999854 299.2297919999902 213.75057718221797 283.986191362411 246.71170800000255 273.9090890000169 254.99774828160298 289.1526125475433 Steel 0
369.44150499999523 261.4834260000173 360.6682966121298 245.34301638133502 404.3436140000267 231.99032999998676 413.1168676451489 248.1306464940896 Steel 0
262.6521309999953 281.5839139999798 258.2654442450439 273.5138005049041 275.32166099997994 268.29922300000027 279.708357601703 276.3693162330732 Steel 0
328.51288056364865 237.06160067563584 362.29066283631255 231.25322364711926 372.3251086246455 264.0746782869619 338.5473407718382 269.8830229175378 HTEL 0
207.09141309307597 257.1869140921857 242.8561522484233 251.03695037274474 252.96493215202645 284.1015690680033 217.20020961016417 290.2514954611008 Ni-Net 0
355.70606399996905 254.18016300000247 339.13464529548946 223.69275100389942 393.58066300002974 207.04721599998572 410.15218130894937 237.53442304424817 HTEL 0
400.3600159999769 239.48238800000328 378.91490681380674 200.02796969363428 446.7865560000064 179.27793299997512 468.23181107822165 218.7320511137487 HTEL 0
241.5038199999981 267.13576600002494 215.67209193883173 219.61058368652868 318.7696809999761 188.09155900001056 344.60169925579976 235.61614421068194 HTEL 0
310.28229695220944 194.53356371484742 344.0600742915558 188.72505806576552 357.60291224723915 233.0220562620578 323.82515151221014 238.83052460527952 HTEL 0
372.32877599999483 209.36180300000154 361.60625179458293 189.63464933009712 403.1924849999632 176.9206009999882 413.9150504340796 196.6476698358125 Ni-Net 0
338.1412612308486 172.78608954653177 384.83401593373856 164.7566050635216 399.4445960669691 212.5460812350427 352.75186368140567 220.57551557631376 Steel 0
394.1106040000159 198.5196620000104 379.4890877389844 171.61898390281246 427.4168620000273 156.96616499999345 442.03843788971426 183.866720402851 Ni-Net 0
389.9382109999715 188.29268199999123 382.14005282388825 173.94569360741167 410.12418700003764 165.39014200001384 417.92236365035933 179.73709237899874 Steel 0
201.09542300000612 251.25617599998455 177.2133431074326 207.3180832469408 262.31728500002646 181.29987700000277 286.19957532777335 225.23753675805193 Ni-Net 0
303.0180549999932 198.1357730000084 293.2703450949339 180.20195512327203 338.2917250000173 166.43769499998967 348.0394732015702 184.3714340763654 HTEL 0