0 0.3253241390625 0.6692188614583333 0.04127327812499999 0.05093772291666667
0 0.5806987546875 0.5950616635416667 0.023897509374999973 0.035956660416666605
2 0.3691657734375 0.645841165625 0.09145654687500003 0.06668233125
1 0.37913458828125 0.6328161770833333 0.04576917656250004 0.036465687500000024
2 0.5848472171875001 0.5622163229166667 0.06656943437500003 0.07443264583333331
1 0.46515461015625004 0.5910394802083334 0.03655922031249999 0.04874562708333331
0 0.5517782750000001 0.5670277208333334 0.03168154999999997 0.03405544166666665
1 0.49480049375000007 0.5817740354166666 0.04585098749999999 0.04271473750000006
1 0.56585369609375 0.5390116385416666 0.04108239218749992 0.03635661041666663
0 0.6510636523437501 0.5120549291666666 0.05212730468750007 0.04494319166666661
0 0.4081344984375001 0.5737127614583334 0.06939399687500006 0.05159218958333334
0 0.5946928437500001 0.5211404822916667 0.0268856875 0.02561429791666659
1 0.46141019375000003 0.547560271875 0.06032038750000002 0.07428721041666672
2 0.6473474546875 0.47884663020833335 0.06344490937500007 0.07435992708333335
1 0.41461509765625 0.5332668604166667 0.08548019531249995 0.08736705416666671
1 0.33273228203125005 0.5366264479166667 0.10608956406250002 0.1107528958333333
1 0.5485575179687501 0.44248686875 0.16274003593750008 0.14330707083333336
1 0.46234130546875 0.46320170624999996 0.06218261093749993 0.09723674583333329
2 0.37147064218750003 0.47157425416666665 0.06481628437500007 0.05981517499999995
0 0.39833167890625004 0.45512225312500004 0.08416335781250002 0.10607783958333332
2 0.33017263750000003 0.4633669083333333 0.07597027499999998 0.07673381666666668
0 0.34401936250000004 0.45258918854166663 0.04428872500000001 0.042678377083333295
2 0.6101830859375 0.3786009 0.13286617187500002 0.12803513333333333
1 0.46050539843750005 0.3903972895833333 0.071010796875 0.05579457916666666