0 0.66764407421875 0.6802112270833334 0.04153814843749997 0.052089120833333405
0 0.41533069375000004 0.5866717958333333 0.024411387500000006 0.035843591666666674
2 0.6244997882812501 0.6533986760416667 0.09274957656250003 0.06929735208333329
1 0.6171609992187501 0.6396914635416666 0.04682199843750006 0.03771626041666659
2 0.4117391421875001 0.5548953718749999 0.06722828437500006 0.07645741041666661
1 0.530819315625 0.5931757541666668 0.036638631249999956 0.04885150833333339
0 0.4432205015625 0.5639251583333333 0.03331600312500003 0.03618365000000002
1 0.5012163109375001 0.5800602895833333 0.046182621875000066 0.04345391249999994
1 0.4321968789062501 0.5317843802083333 0.04251875781250006 0.03856876041666671
0 0.34818296484375 0.5027111885416667 0.0526159296875 0.04708904375000002
0 0.58801789375 0.5788367364583333 0.06978578750000004 0.053506806250000004
0 0.404236965625 0.5144662385416667 0.02722393125 0.024765810416666707
1 0.5336715578125001 0.5499336677083333 0.06109311562499995 0.07486733541666671
2 0.35395535000000006 0.46908118645833335 0.0641607 0.07566237291666672
1 0.5824756765625001 0.5363705979166667 0.08682635312500003 0.08940786250000012
1 0.66504412578125 0.5448143270833333 0.10821325156250002 0.11462865416666664
1 0.4541646195312501 0.4380569916666667 0.16457923906250002 0.1469473166666667
1 0.53858539296875 0.4663706739583333 0.06467078593749997 0.09940801458333333
2 0.6285009828125001 0.4802472385416667 0.06637696562499995 0.060494477083333345
0 0.6019781828125 0.46058293645833337 0.08520636562500004 0.10866587291666664
2 0.6710280203125001 0.47483792812500003 0.076431040625 0.07884252291666669
0 0.65669941484375 0.46111152916666664 0.04464882968750006 0.043056391666666666
2 0.39601421015625005 0.36997254375 0.1357784203125 0.13161175416666668
1 0.54377042890625 0.393580553125 0.07191585781249997 0.05799443958333334