0 0.32114773515625006 0.6596761614583334 0.03917047031250003 0.0485189895833333
0 0.57851305625 0.5961215614583333 0.022651112500000004 0.03390978958333335
2 0.36570107890625003 0.6382579135416667 0.09077715781250006 0.05984916041666667
1 0.37437928359375006 0.6248495635416667 0.04563356718750003 0.03303246041666661
2 0.5835372546875001 0.56646639375 0.06394950937500009 0.07043278749999994
1 0.46248516171875 0.5895635489583333 0.034345323437499964 0.045793764583333285
0 0.5518432140625 0.570738903125 0.03181142812499998 0.0331444729166666
1 0.49259730234375 0.57993189375 0.04456960468749998 0.039030454166666693
1 0.5658800351562501 0.5380588729166667 0.041135070312500056 0.03445107916666667
0 0.6520368453125001 0.518903390625 0.05094869062500003 0.04197344791666661
0 0.40754018125 0.5669704062500001 0.0682053625 0.04644081249999997
0 0.5944164898437501 0.5256491177083333 0.026332979687500035 0.022131568750000004
1 0.46324187421875007 0.5451975250000001 0.05773374843750006 0.06956171666666672
2 0.64760831484375 0.48499862604166666 0.06084162968750002 0.06999725208333334
1 0.41506254843750007 0.5260835083333333 0.08325009687499998 0.08133368333333332
1 0.3330153203125 0.5252497166666666 0.10353064062499998 0.10466610000000003
1 0.55000674453125 0.4446342927083333 0.15938848906249997 0.13093525208333337
1 0.46422182734375 0.4617957166666667 0.059693654687499986 0.09442476666666669
2 0.374285921875 0.4645375958333333 0.06419684374999993 0.05407519166666663
0 0.4010482671875 0.44861645937499994 0.08022153437499996 0.10139958541666665
2 0.33194907578125 0.4546196979166667 0.07327315156250003 0.07173939583333333
0 0.34650783203125 0.44440634375 0.04301566406249999 0.03881268749999999
2 0.6122571289062501 0.38228054375000003 0.13076425781249998 0.11872775416666664
1 0.4631679773437501 0.38998454375 0.07008595468750008 0.05080242083333335