0 0.6994887070312501 0.39208162500000004 0.036477414062500026 0.042496583333333324
0 0.43848422343750004 0.38252562083333336 0.020718446874999952 0.031717908333333315
2 0.6534183 0.4010145666666666 0.08808659999999993 0.04786246666666667
1 0.6415666539062501 0.41090561249999996 0.04250830781250006 0.025977891666666628
2 0.4277483890625 0.41316788437499996 0.058621778125000024 0.06383576874999998
1 0.55027031484375 0.4211937510416667 0.031790629687499995 0.042387502083333334
0 0.46112624296875 0.416991678125 0.028502485937500044 0.0298166895833333
1 0.5197325570312501 0.42444680208333335 0.04259011406250002 0.0322269375
1 0.4423618953125001 0.44314258125 0.03784879062500002 0.02795182916666666
0 0.354120715625 0.43806102916666667 0.04886643125000001 0.034455391666666675
0 0.6002267921875001 0.46013584583333333 0.06607858437500003 0.03693835833333334
0 0.41105830859375003 0.449247778125 0.025241617187499978 0.019328889583333363
1 0.5433738640625 0.4672618333333334 0.052372728124999934 0.06369033333333333
2 0.35352975625000005 0.47356637291666664 0.05705951250000001 0.06379941249999999
1 0.5871628640625 0.49776056354166665 0.077450728125 0.07052112708333334
1 0.6669852835937501 0.5208938 0.09647056718750005 0.09178759999999997
1 0.44209007656250005 0.5423803291666667 0.15293015312500008 0.10976065833333332
1 0.5279124796875 0.5485099302083333 0.05269995937500003 0.08868652708333329
2 0.6182640718750001 0.5694555135416666 0.06152814375000002 0.04724436041666671
0 0.58965695234375 0.5779126145833333 0.0730639046875 0.09332522916666666
2 0.6566401703125 0.5914203 0.06953034062499999 0.06200726666666666
0 0.6424025609375001 0.5963034635416666 0.041055121875000024 0.03427359374999999
2 0.370957684375 0.5826603927083334 0.12316536874999998 0.10282078541666663
1 0.51822269296875 0.6184870416666667 0.06769538593749998 0.04114074999999993