1 0.5911279742187501 0.4012910708333333 0.02913094843750006 0.03174880833333334
2 0.4199323609375 0.3866373052083334 0.11173972187499999 0.08160794375000002
0 0.47535128984374997 0.39958182812500004 0.03507757968749994 0.04499698958333334
1 0.6321574789062501 0.4309970760416667 0.036189957812499965 0.04116081875
0 0.5723475625 0.431037625 0.03532012499999997 0.03290858333333334
1 0.44467002265625005 0.41558800937499996 0.03621504531249995 0.027009352083333302
1 0.35222174609375 0.41976129270833334 0.10131849218750003 0.09785591875000002
0 0.6844354625000001 0.4682542791666667 0.04699592500000005 0.05734189166666669
1 0.47715404921875 0.4427656177083333 0.013683098437499997 0.014697902083333325
1 0.46490420546875005 0.44314325833333335 0.029808410937499998 0.023786516666666674
1 0.5168586648437501 0.4653416625 0.03684232968750001 0.047349991666666646
1 0.565323915625 0.49547598645833335 0.03377283124999995 0.03261863958333334
0 0.6400129343750001 0.5087581218749999 0.030025868750000042 0.025849577083333308
2 0.438614678125 0.48069700312499997 0.05847935625000007 0.06556067291666666
2 0.69061209453125 0.5202397875 0.059349189062500064 0.07381290833333339
0 0.6170103507812501 0.5212175718750001 0.030895701562500034 0.034101810416666704
1 0.4932721421875 0.5100015427083333 0.03966928437500004 0.0741697520833334
2 0.55588809140625 0.5195524291666666 0.04615118281249995 0.03493819166666654
2 0.33914045468750004 0.49394213749999993 0.06578090937500002 0.06288427499999999
1 0.50701605078125 0.539984296875 0.020282101562500012 0.03413526041666669
0 0.3394769 0.5327331895833333 0.04457880000000003 0.04879971249999997
1 0.4284128171875001 0.5525111885416667 0.084950634375 0.10085571041666673
1 0.6747875046875 0.6017559072916666 0.052700009374999995 0.08267848125000003
0 0.35978445234375 0.5728862635416667 0.025818904687500012 0.02910586041666671
1 0.6464393609375 0.6284519927083333 0.11787872187500002 0.11107065208333336
1 0.46106868359375003 0.6076216864583334 0.0721373671875 0.09441003958333335
0 0.3925969515625 0.62080293125 0.025818903124999973 0.02910586249999992