1 0.39161642968750005 0.4383075708333333 0.03323285937500007 0.039115141666666686
2 0.55366884375 0.3610309979166667 0.11983768750000001 0.10956199583333337
0 0.5016862421875 0.3930491010416667 0.040872484375 0.052764868749999985
1 0.36002594531250004 0.48282103541666666 0.04192689062500002 0.048975404166666674
0 0.41657795625000005 0.45770938229166663 0.03940591250000001 0.040418764583333315
1 0.5382085265625001 0.39940169687499993 0.038917053125000045 0.03630339374999997
1 0.6280195554687501 0.369338509375 0.11228911093749999 0.12201035208333331
0 0.31796758125 0.5380257729166666 0.054685162499999995 0.06771821249999993
1 0.51104739921875 0.43678064270833333 0.015844798437499998 0.01939461874999999
1 0.522377571875 0.434192203125 0.03225514374999996 0.03088440625000004
1 0.47758008828125 0.471324228125 0.042660176562499964 0.055148456250000005
1 0.4392438242187501 0.5221297625 0.03786264843750003 0.04009285833333334
0 0.3678122859375 0.5581377114583332 0.03249957187499999 0.032942089583333355
2 0.55510785859375 0.4578651427083333 0.06646571718750005 0.07823028541666664
2 0.32211556328125 0.5902556375000001 0.06923112656250004 0.08884460833333338
0 0.39251027578125 0.564499365625 0.035020551562499946 0.04149873125000004
1 0.5088371382812501 0.5058584125 0.04892427656249998 0.08255015833333333
2 0.4495771734375 0.5399114479166667 0.04915434687499998 0.04648956249999993
2 0.65427851640625 0.4336799052083333 0.07418203281249998 0.07985981041666672
1 0.5019429867187499 0.5406049843749999 0.025760973437499946 0.039543302083333266
0 0.66281046015625 0.4710845 0.05062092031250005 0.058835666666666654
1 0.5798004546875001 0.5229044916666666 0.09710090937500003 0.12080898333333323
1 0.35377068046875 0.6614403541666666 0.0637913609375 0.09371404166666662
0 0.64932595234375 0.5182028239583334 0.029901904687500026 0.03640564791666669
1 0.38736300312500005 0.6783328822916666 0.13097600625000005 0.13999909791666654
1 0.5615323914062501 0.5895106322916667 0.0855647828125 0.11235459791666666
0 0.63057595234375 0.5744528239583334 0.029901904687500026 0.03640564791666669