0 0.661823815625 0.6871204635416668 0.04239763125000007 0.053407593750000024
0 0.41253209140625 0.582854078125 0.02506418281249996 0.03654148958333335
2 0.6201082796875 0.6593830947916667 0.09334155937500005 0.07293285624999998
1 0.6126615046875 0.6447556677083334 0.04719800937500001 0.03951133541666666
2 0.41076140078125 0.5518533770833334 0.06839780156249997 0.07870675416666668
1 0.52811439140625 0.5937358562499999 0.037478782812500014 0.04997171250000001
0 0.44192370781250007 0.5603283854166666 0.03384741562500002 0.03732343750000003
1 0.49992750703125 0.5808995833333335 0.04673001406250004 0.04513250000000006
1 0.43242856796875 0.528400996875 0.04298213593749996 0.0401353270833333
0 0.34846065625 0.4953518479166667 0.053171312500000005 0.04903702916666669
0 0.5851348921874999 0.5822777135416667 0.07026978437499994 0.05622209374999999
0 0.40438631328124997 0.51080056875 0.02752262656249993 0.025767804166666686
1 0.53271649609375 0.5509160812499999 0.06230799218750001 0.07683216249999987
2 0.3545514484375001 0.46180139583333335 0.06535289687500004 0.07776945833333333
1 0.58153659296875 0.539975140625 0.08807318593750005 0.09245028124999995
1 0.6643037421875001 0.5529367177083333 0.10985748437499998 0.11837343541666669
1 0.4550283609375001 0.43693944375 0.16630672187500004 0.1530455541666667
1 0.5395129117187499 0.4672623739583333 0.0665258234375 0.10119141458333332
2 0.62886668359375 0.4856346177083333 0.06710836718749995 0.0629359020833333
0 0.60288534296875 0.46608852291666664 0.08702068593750001 0.11134371249999996
2 0.6715787609375 0.4824259885416667 0.077532521875 0.08151864375000001
0 0.6569787804687501 0.4702485927083333 0.0452075609375 0.04466385208333333
2 0.39843581015625 0.36616173541666663 0.1374966203125 0.1364901375
1 0.5456226046875 0.3970419760416667 0.07249520937499998 0.06075061874999997