1 0.5655196484375001 0.629525753125 0.037289296875000044 0.04655150625000009
2 0.39839427109375003 0.576299178125 0.12803854218749997 0.14009835624999997
0 0.45465605625 0.5869301489583333 0.046812112499999975 0.061360297916666674
1 0.6109842367187501 0.6146172802083333 0.04696847343749999 0.05840122708333328
0 0.5527494781250001 0.5958038239583333 0.04299895625000003 0.04994098125000003
1 0.42711395156250004 0.5564006031250001 0.041727903125000056 0.04613453958333338
1 0.34008636718750007 0.5179183427083334 0.12392273437500007 0.1483366854166667
0 0.6669597929687501 0.6001959468749999 0.06204458593749998 0.07955856041666666
1 0.4652154703125 0.5447593687500001 0.01793094062499998 0.022852070833333352
1 0.45331109687500004 0.5382193145833334 0.034747193750000085 0.038938629166666655
1 0.50725002734375 0.5403887770833333 0.0488750546875 0.06411088750000005
1 0.5598482703125 0.5266301395833333 0.04157154062499995 0.04909361249999999
0 0.6348788601562501 0.5475042583333334 0.03538272031249994 0.04084184999999998
2 0.43728929687500007 0.49446817499999995 0.07457859375000009 0.09310301666666661
2 0.68646681875 0.5538165739583333 0.0791836375 0.10346648124999996
0 0.6165511195312501 0.5246510479166666 0.03935223906249999 0.049302095833333344
1 0.49562086015624995 0.4890237395833333 0.059991720312499996 0.09054747916666664
2 0.5576672484375 0.5023324802083333 0.052834496875 0.05883162708333334
2 0.343982834375 0.4445032604166666 0.08171566874999998 0.09733985416666666
1 0.51539387421875 0.46377561041666665 0.03078774843750001 0.044217887499999976
0 0.35176132656250003 0.4038754729166667 0.05664765312500002 0.07025094583333337
1 0.44264205703125 0.42296644583333337 0.11028411406249994 0.14176622500000005
1 0.68925277890625 0.46956 0.07538055781250003 0.10578666666666668
0 0.3809619703125 0.37564344270833333 0.033798940624999975 0.04295355208333333
1 0.667348990625 0.43340680312499996 0.14407298124999998 0.17098027291666665
1 0.48513031562500003 0.379645828125 0.09838563125000005 0.13012498958333332
0 0.4215869710937501 0.3423101083333333 0.033798942187500014 0.042953549999999945