1 0.5558959515625 0.363180565625 0.030541903125000047 0.03469446458333335
2 0.39488813906250003 0.43488184375 0.114776278125 0.0947636875
0 0.44980763906250004 0.4216555072916667 0.03711527812499993 0.04747768125
1 0.6036588828125 0.3716931302083334 0.03856776562500004 0.043386260416666704
0 0.54810881328125 0.39978367916666663 0.036842626562499974 0.03706735833333331
1 0.42537029140625005 0.450863603125 0.03824058281250001 0.03089387291666667
1 0.34039435156250003 0.5002842791666667 0.105788703125 0.10890189166666672
0 0.66249468828125 0.38131689375 0.0499893765625 0.06263378749999997
1 0.4634950882812501 0.46073877291666665 0.01449017656249998 0.017310879166666678
1 0.45109939062500004 0.467349771875 0.030323781249999994 0.026366210416666647
1 0.50686567890625 0.46023289270833334 0.03873135781249992 0.049632452083333334
1 0.5582382734375001 0.4653729604166667 0.03522654687500006 0.034912587500000036
0 0.6308141554687501 0.4392241364583333 0.030378310937499986 0.028448272916666656
2 0.43916244140625005 0.5149385177083333 0.06269988281250001 0.07154370208333323
2 0.683021503125 0.42535264687499996 0.06291800624999998 0.07987196041666665
0 0.61529726484375 0.462210971875 0.033719529687499965 0.03692194375
1 0.4970624492187501 0.5155420385416666 0.044124898437500004 0.0769174104166666
2 0.559851496875 0.49066252083333334 0.04782799375 0.039658375000000017
2 0.35007077265625003 0.5765429010416667 0.0688915453125 0.06975246875000007
1 0.51764434609375 0.5348731635416667 0.022788692187499928 0.036412993749999956
0 0.35926157968750005 0.612496725 0.046648159375000026 0.054160116666666744
1 0.44977411015625 0.5853374104166666 0.09017322031250004 0.10817482083333327
1 0.6917257414062501 0.5085743802083333 0.05845148281250001 0.08798209374999999
0 0.3902446375 0.6370668270833333 0.027364274999999962 0.03246698750000002
1 0.67104872265625 0.547554728125 0.1233474453125 0.12427612291666665
1 0.49503588671875004 0.620464515625 0.07757177343750002 0.10342903125000001
0 0.43399463750000006 0.6662334937499998 0.027364274999999962 0.032466987499999905