1 0.61792653203125 0.3877144145833333 0.07647806406250002 0.07542882916666667
0 0.47414807265625003 0.388188828125 0.04204614531250002 0.05137765624999998
1 0.67235157421875 0.4139160770833333 0.04157814843749996 0.05699882083333332
2 0.531565053125 0.40616739270833335 0.12250510624999995 0.11650145208333337
2 0.7333794203125001 0.4346112708333333 0.06675884062500002 0.08588920833333329
1 0.6173526359375 0.4280841583333333 0.03783027187500006 0.052001649999999996
0 0.5860625890625001 0.424386140625 0.040875178125000036 0.05293894791666667
0 0.7033083429687501 0.4455605895833333 0.04099168593750005 0.045287845833333285
1 0.46206046484374996 0.43223008541666663 0.033495929687499974 0.03529350416666664
0 0.80474805078125 0.4823796645833333 0.05949610156249996 0.06059266250000004
1 0.5165695703125 0.45621158020833336 0.04251414062499999 0.04575649375000002
2 0.57797241328125 0.46933687812499997 0.0528198265625 0.04700708958333338
1 0.64897895 0.49839452500000003 0.08233290000000003 0.06762238333333333
2 0.8075754953125 0.520258725 0.07765099062500003 0.09885078333333333
1 0.72704834765625 0.5272236104166667 0.07284669531250003 0.06278055416666663
1 0.5198729640625 0.5176467499999999 0.03349592812499998 0.035293499999999985
1 0.717525709375 0.5869359072916667 0.17567641875 0.16553848125000006
0 0.51889329609375 0.5668625697916667 0.04403659218750003 0.04622513958333331
2 0.55509688515625 0.5760727322916667 0.06956877031250004 0.07714546458333325
2 0.5709360023437501 0.59952380625 0.07624700468750004 0.11571427916666674
2 0.77816070546875 0.6261062177083334 0.1438214109375 0.14804576875000006
2 0.46175760546875005 0.5951020739583334 0.0703902109375 0.09853748125000004
1 0.5335257242187501 0.64235903125 0.03267644843750004 0.038884729166666666