374.82949040648236 192.94974099417269 393.82912898261566 193.1362779535833 393.5473595654912 209.27889900555178 374.5477209998353 209.09236244651785 HTEL 0
312.98439198370033 158.86476759168426 311.6820149999694 200.84886799997506 240.12310452577367 199.59997736537605 241.4258289999998 157.61614400000946 Ni-Net 0
300.06779394636396 178.64278998965548 323.0673570134968 178.86859958206716 322.68033999207546 201.0408450097404 299.6807769413863 200.81503604571967 Steel 0
395.5470529879676 209.313803990064 419.5465973514365 209.54942746791897 419.19435196366976 229.72961600946095 395.19480761824525 229.4939932217015 HTEL 0
381.83601980454114 205.07380741702096 381.339758000031 221.06764300002487 358.1261861936946 220.66247038883748 358.6224989999755 204.66867399997707 Steel 0
301.08301451036823 188.66198014486548 300.64878500001214 202.65658699999872 277.46235156126204 202.25188940208457 277.8966219999711 188.25731399997557 HTEL 0
198.31020676821936 163.86462494863446 263.3089739618299 164.50278176966586 262.44514895537577 213.99156804865171 197.44638186508382 213.35341517233707 HTEL 0
422.22879682049097 227.78227797860234 453.22820825051167 228.0866210607746 452.7354110656597 256.3190380104625 421.73599967172777 256.01469630330564 Steel 0
304.5783658442815 206.725787998471 313.5781953642436 206.81414719940187 313.43737713112205 214.88164101110542 304.4375476137793 214.793281909522 HTEL 0
310.77513375363196 204.83360827276584 310.4029279999668 216.82897900001748 291.24301400166587 216.4945577160518 291.6152510000393 204.49921099998892 HTEL 0
320.4712136356102 213.00411198660464 344.4707583622949 213.23973457327295 344.0661563073081 236.41946702265273 320.0666116018692 236.18384524739295 HTEL 0
371.2790667569061 236.89440508244155 370.7828039999731 252.88824500001357 348.56907414003217 252.5005258036276 349.0653929999826 236.50672900002678 HTEL 0
417.02194912111736 249.6946930572083 416.61872600001516 262.6896849999796 397.4452367124468 262.3550293073705 397.8485009999713 249.3600690000172 Steel 0
263.5322513473511 209.009781973957 301.5315300513612 209.3828510143126 300.96799150931474 241.6681000246362 262.96871285230736 241.2950327786746 Ni-Net 0
419.88005082101154 247.74432695897286 458.8793124937365 248.12720300438133 458.2283800197911 285.41933503946404 419.2291184129135 285.0364615105597 Ni-Net 0
382.79842713076505 252.09782599146646 402.7980473762 252.2941738740085 402.498691828514 269.4442850081339 382.4990715982858 269.24793770614815 Steel 0
302.2470714138035 225.68798896479174 328.24657993791334 225.9432434114011 327.61483248141303 262.1362690341792 301.6153239963023 261.8810160773468 HTEL 0
369.1493965254631 245.85855567021466 368.5911320000014 263.8516650000113 339.3513410329615 263.3413299015853 339.9096920000011 245.34828699997777 Ni-Net 0
240.00472811159852 206.59858139355825 239.01233700002194 238.586355 195.58477268314164 237.8283955208062 196.57736300003307 205.84077500001237 Ni-Net 0
314.80878413924074 250.91106299154947 328.8085187507386 251.04850663672505 328.50996281486005 268.15280700800014 314.51022821391234 268.015363766203 HTEL 0
200.1753463993373 228.90708198428496 229.1747957329062 229.19179007873595 228.75207454126212 253.40954600531353 199.75262523636047 253.12483901018635 Steel 0
244.11628262561862 232.67453092760132 299.1152427132329 233.2144874381487 298.2352990484651 283.626798059381 243.23633908250486 283.0868461946188 HTEL 0
406.2537424560287 283.51196294557326 441.2530825705471 283.85555967563965 440.55032733100234 324.1167050621524 405.55098728917073 323.77311111076847 HTEL 0
217.73629632065422 254.2174179933301 234.73597292562772 254.38431411903127 234.47192100000393 269.5118240000003 217.47224440645368 269.3449283114009 Steel 0
442.954630604072 287.15207101028693 441.21857300000556 343.13126299998135 364.4705534971581 341.79193097714756 366.2074830000347 285.8134089999935 HTEL 0
263.5722117374826 264.01885792870155 311.5713050119666 264.4900820591648 310.74465194673394 311.84941506819774 262.7455587834993 311.3781951860791 HTEL 0
234.2973962547694 279.51030099268354 251.29707362953923 279.6771934042971 251.0330227115628 294.8047070069857 234.0333453493804 294.6378150746848 Steel 0