1 0.40184381484375004 0.35908802083333335 0.07243762968749996 0.06817604166666667
0 0.5427677734375 0.39471319895833334 0.03866054687500001 0.047759731250000034
1 0.34297204375000007 0.3728263083333333 0.03906908750000002 0.05398594999999998
2 0.48403193046875004 0.40011227083333334 0.11806386093750004 0.10439120833333332
2 0.28046328593750003 0.37622388333333334 0.06405157187500002 0.08161443333333332
1 0.39752930859375 0.39973599479166666 0.035683617187499996 0.049471989583333334
0 0.4256483625 0.40616756770833334 0.038796725000000004 0.04983513541666665
0 0.30896677890625 0.3958575447916666 0.03980855781249999 0.04171508958333335
1 0.54855303046875 0.44125279687499996 0.031481060937499986 0.03250559374999996
0 0.20387386875000002 0.40516575312499997 0.0577477375 0.05616483958333334
1 0.48943255546875 0.45428166458333336 0.04136511093749995 0.04189666250000001
2 0.42847721875 0.44857638854166665 0.050704437499999956 0.04298611041666671
1 0.35624111640625 0.46173193229166665 0.08123223281250001 0.06096386458333338
2 0.1948484 0.44237378645833336 0.07407179999999998 0.09308090625000004
1 0.27409449453125 0.46943768124999996 0.07006398906249998 0.05554202916666663
1 0.47901880781250006 0.5121769177083333 0.03303761562499998 0.03268716875
1 0.2750772390625 0.5288930281249999 0.16890447812499998 0.14945272291666664
0 0.4730233328125 0.5627057854166667 0.04292166562499995 0.04207823750000005
2 0.43480438750000006 0.5587169427083333 0.06648377500000002 0.07160055208333323
2 0.41805829218750007 0.5795697135416666 0.07049158437500003 0.10913942708333337
2 0.20838702187500002 0.555312890625 0.13864904375 0.13562578124999997
2 0.5254001054687499 0.6033742197916666 0.0664252109375 0.09424843958333338
1 0.4494053445312501 0.6296997124999999 0.03006068906250006 0.03439942500000003