263.4627814551641 179.00379609968536 262.53240600002755 208.9923289999868 217.1322864463582 208.19994318163546 218.06283199999598 178.21154100002101 HTEL 0
320.15201006361167 173.9925989908063 344.1515542948764 174.22822662894234 343.7818569110095 195.4082590187623 319.78231269567914 195.17263199003145 Steel 0
195.71713361539878 197.82454098640622 218.7166960684408 198.05034873164033 218.29477334897092 222.22229100342628 195.29521091586503 221.99648401608061 HTEL 0
332.74272598762764 175.21202054010936 331.347373000026 220.19502199999954 258.7479286937014 218.92798629334862 260.14369700002135 173.94530399998888 Ni-Net 0
149.549613660638 207.02020796721501 187.54889306423138 207.39327712131697 186.91554521523358 243.67791603156599 148.91626586446364 243.3048488942323 Ni-Net 0
231.64184081426356 202.45221898835877 253.6414228054491 202.66820799287953 253.25453913821548 224.83282101117516 231.25495716478326 224.61683268284185 HTEL 0
250.70875683355553 198.7844239885482 273.708319054349 199.01023113675552 273.321302117547 221.18247801097206 250.32173991494346 220.95667155782075 Steel 0
177.35337504891504 218.50719999066231 201.3529183717037 218.74282253855242 201.01812490327575 237.92316400886827 177.01858159831318 237.68754214285582 Steel 0
350.93578877414984 197.53339508009583 350.50154999997176 211.52798899998197 331.3145038138464 211.19309270615926 331.7487780000374 197.19852599997958 HTEL 0
143.28261223061418 240.91583100269364 142.53829100001894 264.9066589999824 107.2180196383124 264.29020184699647 107.9624789999798 240.299479999974 Steel 0
320.732810550835 212.00845138218088 320.17452400003094 230.00152299998524 294.934123742205 229.56097589154277 295.4924749999918 211.56795400002488 HTEL 0
284.563744900297 221.37860361756802 284.0054830000008 239.37171299997823 252.76600163299008 238.82647523986086 253.32434700001613 220.83342999999908 Ni-Net 0
252.39775799913332 236.81938959774243 251.59149899998738 262.809581000002 201.246407427534 261.93095058199737 202.05287700002373 235.94092100000407 HTEL 0
103.78855878298054 250.2281469487823 147.78772687255696 250.6601083446585 147.0663189925108 291.98981003919596 103.06715098668064 291.55785184326936 Ni-Net 0
200.01209151036164 256.9082484385953 199.26782299997285 280.8991619999926 155.94878139665525 280.14313816535105 156.69323000001896 256.15236299999214 HTEL 0
319.1376960306661 242.9853503420372 318.70346099996823 256.9799589999838 298.5165604267968 256.6276166595082 298.9508410000417 242.63304299997822 HTEL 0
239.42528338287957 264.59595005180813 237.4416200000269 328.5726479999736 132.58947066286055 326.7430593597286 134.574414000017 262.767344999998 HTEL 0
325.80690927265096 265.10506831809056 325.24863200000254 283.09816499998794 299.00837528082775 282.64017655579636 299.56673599997885 264.6471440000257 Steel 0
268.57145489419054 264.10611996950865 308.57069682293513 264.4988107420991 308.02434296390857 295.79949402909756 268.0251010946813 295.4068055315134 Ni-Net 0
260.5377627364214 265.9661959188739 302.5369714064436 266.378515722336 301.65876198261685 316.69158207836733 259.65955341715016 316.2792662705995 Ni-Net 0
192.8935869740235 290.78824938549025 191.06467300000077 349.76648600001664 106.27721384145843 348.28691420111704 108.10715899999195 289.3094699999873 Ni-Net 0
330.6318183179974 261.1887779442179 369.63108156225644 261.571649304693 368.89288846956333 303.8630260438795 329.89362530453946 303.48015770792176 Ni-Net 0
297.92114808544284 301.62405699102123 315.9208069492888 301.80076315981836 315.63917087347363 317.9357630183921 297.63951202490716 317.759057433539 HTEL 0