0 0.696480296875 0.38216953020833333 0.04296059374999999 0.051839060416666645
0 0.43581684062500003 0.38498636354166665 0.02475868125000007 0.036639393749999985
2 0.64920313984375 0.3925622020833333 0.09528127968749996 0.07262440416666666
1 0.638765103125 0.404479721875 0.04628020624999998 0.03812611041666667
2 0.4263465109375 0.4141966635416666 0.06831802187499995 0.07839332708333331
1 0.5479708796875 0.4202111729166667 0.03656675937499996 0.04875567916666667
0 0.45756168984375006 0.418047478125 0.03387337968750002 0.03609495625000001
1 0.5171757343750001 0.4221647635416667 0.04685146874999999 0.044329527083333355
1 0.44199696093750007 0.44484306458333334 0.043368921875000056 0.03968612916666666
0 0.3531851515625 0.4445397875 0.053245303124999976 0.04741290833333333
0 0.5995004765624999 0.4552879135416667 0.07087595312500002 0.056409160416666694
0 0.40954206875 0.4531143614583333 0.028459137499999978 0.027062056250000015
1 0.5419948046874999 0.463688875 0.06211460937500002 0.07737775000000001
2 0.35213358437500003 0.47865305 0.06676716875 0.07813943333333331
1 0.58769018359375 0.49172287499999995 0.08788036718749997 0.09177908333333325
1 0.6690353343750001 0.51204554375 0.10994566875 0.11575775416666663
1 0.44350093046875005 0.5446397072916667 0.16825186093750003 0.15177941458333327
1 0.52975504609375 0.5460220802083333 0.0657600921875 0.10037749374999999
2 0.6194300382812501 0.5632093479166667 0.06698507656250001 0.06391869583333332
0 0.5917789343750001 0.5705580031249999 0.08668286875 0.11194933958333332
2 0.659124071875 0.5837083458333333 0.07762314375 0.07991669166666664
0 0.6445253078125001 0.5887044822916666 0.045300615624999985 0.044075631249999955
2 0.37204177187500004 0.5870581989583333 0.13783354375000006 0.1366163979166667
1 0.52077882421875 0.6158159989583333 0.07280764843750002 0.06079866458333332