430.9226117023354 291.89639748619885 453.92217559638084 291.6706049843276 454.2917393397511 312.8430204688263 431.2921754706622 313.0688120150136 Steel 0
268.77409244159935 284.80156556256514 281.7738457797532 284.673941992345 282.03736457478954 299.77091680950525 269.0376112463855 299.8985400073984 Steel 0
385.19446899998 307.872537000004 384.48131693177857 284.8810335383042 440.7845339999767 283.89870599999114 441.49793324926577 306.89001951297246 Ni-Net 0
393.0012739999802 296.73459399998103 392.59808161863475 283.73954002048174 420.77012800000375 283.24790600000716 421.1733888938761 296.2429073300362 HTEL 0
251.38939771073638 262.9107303288645 289.3886760198802 262.5376739801696 289.9173103805515 292.82324275510643 251.91803212575905 293.1962970282179 Ni-Net 0
338.51816557777056 269.5285834430617 358.5177863317949 269.3322389771079 358.86949745428865 289.481897277707 338.86987671940005 289.67824101257224 HTEL 0
281.7738449999888 284.6739420000034 281.3396053962788 270.67933303003986 300.5266180000035 270.3444790000254 300.960905691245 284.33905101617813 Steel 0
315.80357200000435 286.08025599997995 315.3073317079543 270.08637473283875 342.5202210000134 269.6114780000169 343.01653933252965 285.6052992955109 HTEL 0
268.5314919999655 270.9029559999883 268.09727276238846 256.90831862834085 293.28335099999094 256.4687780000173 293.7176302159787 270.4633692799093 HTEL 0
209.50557299998763 269.93295200002495 208.9783346074546 252.93943610276804 240.20415999999386 252.3945170000241 240.73148782510543 269.38796417076003 Steel 0
361.6045889999805 274.27911999999674 361.0463871702814 256.28589579697706 403.284050000002 255.5488619999955 403.8423817570583 273.54198635770405 Steel 0
253.41161000003922 264.16580899999855 253.132448328397 255.16927606916045 269.25210100002005 254.8879400000266 269.53128695997293 263.8844542658752 Steel 0
329.063907874297 243.5827282448088 363.06326278652705 243.2489369726428 363.5913632016309 273.50396048022554 329.5920083345118 273.83775002616807 HTEL 0
206.80298339255387 229.6990930281786 242.80230064752686 229.34566298382504 243.33066868370224 259.6159527109334 207.3313514739857 259.9693810247993 Ni-Net 0
350.41428800002905 263.47277199999144 349.3599723392981 229.48565041488905 399.8132920000353 228.6053300000145 400.86787992688187 262.5922423553998 HTEL 0
397.38967799996317 261.652662000017 396.02539459570835 217.669243974888 458.61232900002506 216.57731399999537 459.97703718523553 260.5604055914073 HTEL 0
237.0649979999871 244.4480920000174 235.42203325021546 191.46757891637992 333.12524799999665 189.76328199998088 334.76893798862875 242.74323775371403 HTEL 0
323.2618580089911 197.67700459741616 357.26121649946435 197.34320494600698 357.9987440808327 239.59639343007137 323.9993856436922 239.93019104276902 HTEL 0
378.74667999996745 224.97243999998898 378.0643983164191 202.9808276707365 417.3567880000337 202.29514699999552 418.0391888124723 224.28666778057385 Ni-Net 0
356.0631236503832 186.00350173555978 403.06223377992865 185.54206995307112 403.8363984734315 229.8942030761183 356.8372884175915 230.35563204498936 Steel 0
402.67321500003163 220.55419200001683 401.742860100494 190.5656383434299 446.14294099999825 189.7908550000044 447.07347219438816 219.77927317652586 Ni-Net 0
401.48139099997934 209.5733189999745 400.98514072386024 193.57947139725522 427.1981930000038 193.12199400001577 427.6944977511448 209.1157997393696 Steel 0
202.59896199997456 218.0455870000115 201.07972198689822 169.06395983807386 280.7317619999958 167.67430999998572 282.25148758559953 216.655564006701 Ni-Net 0
315.21525099997234 195.076663000022 314.594997019376 175.08427123438477 357.8596529999777 174.32925599998407 358.48001007885614 194.3215685356662 HTEL 0