365.68512899997586 323.8860480000229 357.2241657763516 293.8394001905259 405.2816359999997 286.22815800001734 413.742814585421 316.27458260289444 HTEL 0
280.61622383014765 279.0010085950636 304.57733543924405 276.8665253574103 308.2754503428441 300.2156256185513 284.3143409980257 302.3500992473075 Steel 0
409.299374553666 286.02533512542277 432.26211296794645 283.9798019540042 436.262403872679 309.2367955913296 413.29966787059675 311.28231852588794 HTEL 0
300.6449430000066 315.9630290000175 288.0903513879457 271.37732355621426 364.56251800002065 259.2660840000197 377.11758906094474 303.85129253219316 Ni-Net 0
440.9505619137053 274.91208803658014 478.8890130919026 271.5325030923714 485.08328103576787 310.6419313874712 447.14483592819306 314.0214905695964 Ni-Net 0
375.0446550025663 274.30805386921514 397.00900837066 272.3514382744358 400.8421741609345 296.55322474730235 378.87782291320036 298.5098313439445 HTEL 0
355.48571415980405 272.27437412840595 378.44844407176424 270.2288173901393 382.13586711986864 293.5104084492506 359.17313932135585 295.5559562185104 Steel 0
429.92278898789664 275.6024825721972 453.8838949974888 273.46799166400086 457.11270880594384 293.85401725393285 433.1516047399782 295.98849991397645 Steel 0
282.2224350000033 276.357331999986 278.40137708779366 262.7879681826323 298.798431000032 259.5574409999873 302.61952517139434 273.12676723670603 HTEL 0
496.4710219999688 293.0469459999761 489.6477348599001 268.81584641224225 527.1292520000134 262.8795309999759 533.9526625657891 287.110502664798 Steel 0
316.1167079999723 273.0139369999839 310.93102656814153 254.5983474134407 337.8366609999648 250.33699699997652 343.0224058213935 268.7525208868016 HTEL 0
352.7685290000227 274.29611500001965 347.5828661685955 255.88047475909332 381.40230099998007 250.52413300002374 386.58804373400926 268.93969042670176 Ni-Net 0
390.7699899999716 271.31467000001186 383.6739270124235 246.1141767428333 436.0871110000153 237.8130500000154 443.1833383772755 263.0133728776108 HTEL 0
489.98718357754115 239.32465038117385 534.9142807366297 235.32241523307155 541.965532054237 279.8426817279138 497.0384421509516 283.84488608432963 Ni-Net 0
446.3934059999883 264.52971700001405 439.84318677001284 241.26778327033097 485.1095770000393 234.09851499998078 491.6599245800171 257.36031570252226 HTEL 0
325.2513110000291 241.1932039999934 321.4303344815562 227.62382868418337 342.8149950000079 224.23687800002148 346.6360045335023 237.80621909742692 HTEL 0
417.48665599996457 261.0083749999851 399.474475269235 197.03724010775153 509.8815689999901 179.55175999998224 527.8945103855949 243.52210652551412 HTEL 0
324.9292520000017 219.9824459999768 320.0166425734642 202.5360833052949 347.79332799997064 198.13676000001752 352.7059869578079 215.5830713578628 Steel 0
338.0072393293085 193.88187936823417 377.9423943258007 190.32422329839977 383.37586245135753 224.62999485098842 343.44071146129863 228.18763391878497 Ni-Net 0
346.19104998142575 175.2354268115041 388.12299084238475 171.49987022343606 396.3936241992633 223.71901473094303 354.4616894423234 227.45454541487047 Ni-Net 0
468.2697940000071 242.84046499998092 451.89498272411583 184.68525418586495 542.83723499997 170.28223499999098 559.2125803878298 228.43689223915214 Ni-Net 0
279.5097374024044 169.73565970069933 319.44490013491304 166.177968068167 326.44269457508926 210.36059223649482 286.50753652880667 213.91826398181917 Ni-Net 0
340.93250603233173 167.6041318065267 358.90331448434154 166.00315742232667 361.5986722167145 183.02102119518673 343.62786451405555 184.62199239964013 HTEL 0