179.8052623818512 283.7513635542097 204.78776118718088 282.2745432204483 207.20681512044393 305.2904238747851 182.2243173579045 306.7672375699826 Steel 0
352.2206852637464 288.2564909537815 366.21088322215655 287.4294716912952 367.95021940779407 303.97820372817506 353.96002187146223 304.80522030316695 Steel 0
196.35669100003724 307.29288299998115 191.19713804924686 279.68047009845907 251.11216400000558 273.38361900002064 256.2719833222218 300.99579143082684 Ni-Net 0
216.98183100001188 293.0589940000099 214.21769514447078 278.26678369392994 243.260517000017 275.21436799997844 246.0247205478663 290.00651719525666 HTEL 0
344.82423703615495 265.7178230711949 384.7962387910229 263.35489035714244 388.4367535499041 297.99233681326723 348.46475419806666 300.3552542296922 Ni-Net 0
276.6603491465503 267.72228143670065 297.6456453048013 266.4817364499486 299.94106108511914 288.32125549821916 278.9557657115074 289.56179548997113 HTEL 0
337.16068599998835 288.4717529999987 334.39653357097995 273.67959444289824 355.4831969999941 271.46335599997815 358.2473978559574 286.25547083846675 Steel 0
295.86264600002323 287.78481100002017 292.54569889475533 270.0341769736848 321.82774699998845 266.95662000001965 325.1447740547883 284.7071818499456 HTEL 0
344.96157000001404 276.59125599999186 342.01318313964293 260.8129213015615 369.14668400000664 257.9611659999882 372.09513431538653 273.7394434126048 HTEL 0
398.50745800002187 279.007422999994 395.00627089502814 260.2706183483197 428.3461179999722 256.7665959999762 431.8473979054397 275.50331687355555 Steel 0
236.08980700002576 273.95702400000744 232.03586388968688 252.2616937013095 276.5546219999669 247.5828180000017 280.60870478140714 269.2780222069781 Steel 0
369.40650299999106 269.99995700002023 367.37947086279746 259.1523770782592 385.1635630000237 257.28323199997425 387.1906233415939 268.1307864593693 Steel 0
272.7719008474378 240.29292398454726 308.74669788448955 238.16624558804838 312.3681011900044 272.621830181802 276.39330611047626 274.7484961166612 HTEL 0
392.93642453740176 235.56932949134233 431.90911888552364 233.26542058798356 435.54485368411406 267.8573594975212 396.5721614256472 270.1612550980343 Ni-Net 0
240.12166000000434 264.4836839999746 233.11953705284395 227.00996582488727 287.8647169999749 221.25637199998005 294.86711625031603 258.7298407343235 HTEL 0
182.2840990000259 259.50206600002133 173.43947564120754 212.16673239272816 241.9106560000364 204.97066499999735 250.75569676882878 252.30562177798703 HTEL 0
309.5291359999828 255.1776480000093 298.28954755939776 195.02175710090717 403.5996110000269 183.95443799999964 414.8399707950739 244.1096325382124 HTEL 0
280.2066672255023 196.22873973091436 317.1807681131759 194.0429339833218 321.9567473352072 239.4836622743266 284.98264870155253 241.66945367291495 HTEL 0
225.78624599998875 223.7590490000114 220.99532348271168 198.1192063544677 262.84938099997817 193.72034200000346 267.6404277380061 219.36007250044986 Ni-Net 0
234.3995617445762 181.3412109032145 284.3645549248322 178.3873996397373 289.62074416398536 228.3970866883712 239.65575413618353 231.35087788369935 Steel 0
197.88887000002433 216.63609899999813 191.80814249441028 184.0932086664933 240.18743799999356 179.0085670000073 246.26833821923356 211.55130140922162 Ni-Net 0
215.84403000000748 205.6993609999734 212.52721609438595 187.94874849773814 240.8146080000006 184.97569799999596 244.13147629653395 202.726261398448 Steel 0
364.3353709999792 231.3181320000106 354.01690806334955 176.0934342376087 440.0325729999895 167.05357100000126 450.3515606322617 222.27779507508262 Ni-Net 0
287.4496060000092 198.17331199999163 283.0272642341879 174.5057419320658 328.69988600003126 169.7055340000045 333.12233802607807 193.37300452564332 HTEL 0