257.30757899997116 339.39648099997385 248.55932188758743 311.49135447066703 295.6033230000321 303.1965360000264 304.3517761924886 331.1014477113447 HTEL 0
345.8182914959616 271.24738109627117 368.77173676104576 268.97101294105903 372.72117807493487 291.3695287666182 349.76773531416256 293.6458873572653 Steel 0
225.37911189523584 313.80793432305074 248.33257875601703 311.53164524744096 252.80297189645353 336.88466849650837 229.8495083139278 339.16094505141945 HTEL 0
290.9670950000145 317.21457400002066 277.69439065566985 274.87538698444433 354.2327330000262 261.38036399999777 367.5058731646277 303.7190735484072 Ni-Net 0
177.04257875804615 316.098787133734 214.96572118725453 312.33799333711374 221.71738032593566 350.6289519483549 183.79424627848493 354.3897137324409 Ni-Net 0
256.2841948370624 293.2811755230248 277.24169852888735 291.2027877657762 281.3384578956902 314.43679663737515 260.3809567658027 316.5151746099597 HTEL 0
272.131353311197 285.25577736868183 295.0848055089591 282.97943376774003 299.20789765114023 306.36278346545714 276.2544482025987 308.63911656665636 Steel 0
204.9415240000235 330.3523499999901 199.51150822736963 313.0320363297417 225.4512429999886 308.4582540000069 230.88132548400608 325.77849458320145 Steel 0
349.19212799999514 267.3462920000182 344.96894338291895 253.87493477492367 365.47240100000636 250.2596680000253 369.6956188479817 263.73098881788366 HTEL 0
133.91879900002095 347.9527059999791 126.67875436702161 324.85888027508224 164.2195139999967 318.23963300001867 171.45969288074411 341.3333116479743 Steel 0
308.6413619999803 273.48105899997444 303.21155983525387 256.1607178460731 330.13588800000434 251.4133149999998 335.56574706031824 268.7335938201503 HTEL 0
268.4949729999789 287.6679369999856 263.06514023155614 270.34755633061116 295.89834600003087 264.558303999987 301.32825176355254 281.8786046975944 Ni-Net 0
213.51938699997845 298.37704300001144 205.97799991555803 274.32079536511014 258.418571000002 265.07444000000606 265.9601233035937 289.1305066259989 HTEL 0
112.8393200476421 297.51022843011947 156.75032358143653 293.1555675128705 164.44920606154483 336.81859914200845 120.53821305678866 341.17321984534897 Ni-Net 0
165.26380700001027 306.8858040000025 158.32566197481356 284.7541182491446 203.61663299998327 276.76835400002483 210.55491400984465 298.8998907703367 HTEL 0
296.7119100000127 246.13717200000923 292.48878007863823 232.66580476441405 313.97699100001773 228.87689999999225 318.20015288249124 242.34823221935093 HTEL 0
132.1871259999898 303.5792750000221 113.18364767183084 242.9567714168049 222.6824889999989 223.65062500000138 241.686780826858 284.27223734996466 HTEL 0
284.2020290000073 227.01904300000618 278.7723669420666 209.69868663411165 306.68136300002516 204.77765000002034 312.11107357390574 222.09795321237925 Steel 0
249.49971423309762 208.7342915521649 289.418723448689 204.77524238512453 295.3284501892631 238.29118697510285 255.409446151898 242.2502163651714 Ni-Net 0
234.54319106516778 193.01686980821887 275.46021091766306 188.95882937150472 284.50873174682783 240.2759873236638 243.5917197712115 244.33399767575114 Ni-Net 0
96.7935320000106 298.6504279999792 79.29809279165056 242.83962490243255 169.44578900001943 226.9451320000262 186.94184286949167 282.755261697486 Ni-Net 0
299.1053862150875 167.570891076361 338.0264213616465 163.71074310436305 345.8330859904527 207.98483005309822 306.9120564469631 211.8449566252673 Ni-Net 0
261.8426150344021 180.83528565909856 279.80615492590005 179.05367721391562 282.6478642819711 195.16985661726486 264.684325332928 196.95146146287414 HTEL 0