1 0.41461565234375003 0.39262798020833334 0.029231304687499994 0.031089293750000024
2 0.586431659375 0.39433953645833336 0.11036331875 0.07617907291666667
0 0.52970151484375 0.401116296875 0.034403029687500024 0.04389926041666664
1 0.37102491953125005 0.4199236697916666 0.03579983906250002 0.03984733958333333
0 0.43101868984375 0.4240415291666667 0.03391237968749996 0.031416391666666675
1 0.56058138671875 0.4210298458333333 0.0367877734375 0.02539302499999998
1 0.6523923250000001 0.43347531666666667 0.09853465000000004 0.09195063333333332
0 0.3181797078125 0.4525324427083333 0.04573441562499996 0.055064885416666695
1 0.525277646875 0.44521780624999996 0.013055293750000009 0.015435612500000022
1 0.53866978125 0.44893820625 0.030464562500000004 0.022876412499999964
1 0.48521008125 0.46471105416666664 0.036045162499999964 0.046088775000000005
1 0.4364885109375 0.49065368020833333 0.03235202187499997 0.03130736041666668
0 0.362930490625 0.49575726249999996 0.028985981250000004 0.024847858333333347
2 0.5636063046875001 0.48525595937500005 0.05846260937499999 0.062178585416666717
2 0.3099055625 0.5029026385416666 0.05731112500000002 0.07247194374999992
0 0.38106171953125 0.5124727354166667 0.03087343906250002 0.03327880416666667
1 0.5076166187500001 0.5115674947916666 0.03710823750000003 0.07313498958333338
2 0.44272994531250004 0.5140064802083334 0.04483489062499997 0.03217962708333335
2 0.66199863515625 0.5073504541666666 0.0646222703125 0.060534241666666586
1 0.4912663515625 0.5381313583333333 0.020032703124999964 0.03459604999999991
0 0.6594234789062501 0.5483169697916667 0.04384695781249999 0.046633939583333256
1 0.56815069375 0.5589675354166667 0.0831763875 0.09710173750000001
1 0.32101089531250004 0.5860121958333333 0.051396790625 0.080357725
0 0.6380144062499999 0.5852287083333334 0.026028812499999977 0.02879075000000005
1 0.34871962265625006 0.6153164343749999 0.11618924531250006 0.10563286875
1 0.533702484375 0.6127009239583332 0.07052996875000002 0.0920685145833333
0 0.6044217265625 0.628924190625 0.02446845312499999 0.028681714583333337