1 0.6308151820312501 0.42063317708333336 0.07413036406250005 0.07043302083333333
0 0.49042104921875007 0.3823039854166667 0.040217098437500015 0.04794130416666669
1 0.68047204375 0.46240964166666665 0.03906908749999998 0.05398594999999998
2 0.54503752109375 0.41573330625 0.11820004218750002 0.10646661249999999
2 0.7382757859375001 0.5033072166666667 0.06405157187500006 0.08161443333333337
1 0.6248700859375 0.46232678125 0.037240171875 0.04965356249999999
0 0.5943983625 0.4499175677083333 0.038796725000000004 0.04983513541666665
0 0.70590986796875 0.503145246875 0.03994473593750003 0.043790493749999965
1 0.47355303046875 0.422502796875 0.031481060937499986 0.03250559375000002
0 0.8007488687500001 0.5676657531250001 0.05774773750000009 0.056164839583333404
1 0.5222450546875 0.4626149979166667 0.04136510937500004 0.04189666250000001
2 0.5816022179687501 0.49024305416666664 0.05070443593750005 0.04298610833333332
1 0.64380920625 0.5398529677083334 0.0813684125 0.06303926875000011
2 0.79797339921875 0.6069571208333334 0.07407179843749993 0.09308090833333331
1 0.7163500859375 0.589225384375 0.07020017187500001 0.05761743541666663
1 0.5165188078125 0.522593584375 0.03303761562499998 0.03268716875
1 0.69936110625 0.6446048510416666 0.17059721249999998 0.15170970208333343
0 0.50583583203125 0.5710391187499999 0.042921664062500045 0.042078237499999935
2 0.5426168875 0.5899669437499999 0.06648377499999994 0.07160055416666668
2 0.551717159375 0.6140315375000001 0.07218431875000002 0.11139640833333336
2 0.75220511171875 0.7021839270833332 0.1387852234375 0.13770118749999996
2 0.4472751046875001 0.5825408854166667 0.066425209375 0.09424843750000006
1 0.508848434375 0.64740408125 0.03019686875000005 0.0364748291666667