1 0.3636920265625 0.4368316677083333 0.07738405312499995 0.07783000208333336
0 0.5025640609375 0.3821338739583333 0.04262812187499998 0.05176774791666669
1 0.3178266671875 0.4829471822916666 0.041903334375000025 0.05756103124999997
2 0.45056275546875 0.42168647604166665 0.1230005109375 0.11837295208333327
2 0.26224533515625004 0.5313038645833333 0.06824067031249999 0.08760772916666669
1 0.37303596171875003 0.47654794895833336 0.0398219234375 0.05309589791666666
0 0.4019303429687501 0.4621454989583333 0.04136068593750002 0.053457664583333356
0 0.29604273515625 0.5279988572916666 0.042085470312499984 0.04766438124999996
1 0.52120501640625 0.41779856562499995 0.033035032812500024 0.03559713124999995
0 0.20518423984375 0.6038677822916667 0.06036847968750001 0.06190223125000003
1 0.476363953125 0.46465389999999995 0.04335290624999999 0.045974466666666616
2 0.41848023984375005 0.5011558677083333 0.05258547968750005 0.048145068750000006
1 0.35918378203125 0.5565493854166667 0.08399256406249994 0.07143210416666672
2 0.21128993437500002 0.6416850385416667 0.07882986875000003 0.10003674375000007
1 0.29102678828125 0.6157315177083333 0.07267857656249999 0.06479636875000001
1 0.48603689765624997 0.5242294510416666 0.0345737953125 0.0359589020833333
1 0.31057303906250006 0.66779906875 0.17739607812500002 0.16893147083333335
0 0.499008334375 0.5731681166666667 0.044891668749999974 0.04633623333333337
2 0.463105784375 0.595286425 0.06996156874999997 0.07807284999999997
2 0.45628463515625006 0.621389178125 0.07819427031250009 0.11777835625000001
2 0.26169460390625 0.7298855260416667 0.1452642078125 0.15143771875000003
2 0.5575786921875 0.5751397958333333 0.07140738437500005 0.10027959166666668
1 0.5003944609375001 0.6488360333333333 0.032038921874999994 0.039338733333333306