0 0.6895746828125001 0.6353421625000001 0.038524365625000015 0.04568432499999998
0 0.42988895937499993 0.6084124427083334 0.02227791874999996 0.03349155208333331
2 0.6450815070312501 0.6195802135416667 0.09016301406250005 0.05582709375000003
1 0.6327680671875 0.6065703552083332 0.043661134375000014 0.029807377083333246
2 0.42146396562500005 0.5761568802083334 0.06167793125000003 0.06898042708333338
1 0.5450523515625 0.5850698010416666 0.03385470312500001 0.04513960208333335
0 0.4540247539062501 0.5765786749999999 0.02992450781249998 0.03232401666666659
1 0.51265983828125 0.5784334645833333 0.044069676562499986 0.03603359583333336
1 0.43831382578125 0.5490023645833334 0.039127651562500004 0.03133806250000006
0 0.3502160375 0.5402509822916667 0.05043207499999998 0.03883529791666665
0 0.5963451750000001 0.5547873447916667 0.06769035 0.042908022916666747
0 0.40837774765625 0.5378752541666666 0.026130495312500026 0.021583841666666596
1 0.54022585703125 0.5382937302083333 0.055451714062500025 0.06825412708333331
2 0.35193568828125 0.5052327572916666 0.06012137656249999 0.06879884791666661
1 0.5856950617187501 0.5157761 0.08076512343750003 0.07738553333333324
1 0.6691527906250001 0.5022425760416667 0.10080558125000004 0.10031848541666666
1 0.446152990625 0.4513125385416667 0.15793098125000002 0.12345841041666662
1 0.5316679421875 0.45491282916666664 0.057085884375 0.09315899166666668
2 0.6240382960937501 0.44720349791666664 0.06370159218750003 0.052740329166666676
0 0.5950467257812501 0.43525180312499995 0.0775934515625 0.09967027291666662
2 0.66278131484375 0.429921353125 0.07243762968749996 0.06817603958333335
0 0.6494496515625001 0.42313038020833327 0.042649303124999975 0.03792742708333332
2 0.3780364546875 0.40064113854166666 0.127947909375 0.1137822770833333
1 0.52694713359375 0.3840368708333333 0.06951926718750005 0.047240408333333345