181.25311065465212 281.58486698679246 204.25267426515347 281.81066169957 203.900562266208 301.9832260124306 180.90099867877143 301.75743217833434 Steel 0
353.15710523362213 288.5860709924764 366.15685856690106 288.7136937042633 365.8933407398581 303.81066800726353 352.8935874164745 303.6830456727847 Steel 0
250.6455277294299 276.79478686867685 249.96336500000325 298.7866460000187 193.67345475329785 297.8043447558514 194.3558469999698 275.81266199999084 Ni-Net 0
243.51113671706116 276.6705720879194 243.13895500003127 288.6660020000116 215.98025490508007 288.19199928218046 216.3524960000359 276.19661500002144 HTEL 0
347.54197007627226 266.4847079712963 384.5412690084049 266.8479460834547 384.0127677800774 297.12587702729303 347.01346890156856 296.762640964221 Ni-Net 0
277.51772872426955 267.2627349874753 297.5173484149127 267.45908033352623 297.1656362248177 287.6087370120249 277.1660165531648 287.41239239165236 HTEL 0
336.4389323668729 272.29181699378455 354.4385908968252 272.46852720910744 354.1918596182222 286.60382800606914 336.1922011004208 286.4271182522352 Steel 0
321.697015979953 269.03393703362985 321.2317890000122 284.02820299998234 294.0323883021483 283.55348308483127 294.497687999974 268.55927299998456 HTEL 0
368.81981526144955 260.85512223145247 368.41660799997044 273.85014199999495 344.2438825847057 273.4282421528118 344.6471439999732 260.4332639999901 HTEL 0
428.8513388332649 261.9029252061244 428.3551119999902 277.89682900000207 397.14275830454426 277.35207804285864 397.63907200001995 261.35824100000644 Steel 0
277.0276265526627 251.25152968658796 276.500429000007 268.2451289999834 234.27619934038376 267.50822501455923 234.8035169999639 250.5147180000242 Steel 0
384.78059391163697 260.1336083836142 384.50143299996853 269.13014199998713 368.3817553353583 268.84878859437464 368.6609409999801 259.852274000017 Steel 0
275.98924635953153 240.2319409740771 308.988620852906 240.55591559487857 308.46065354155144 270.803302034769 275.46127909154166 270.47932906939684 HTEL 0
396.05823138248525 237.32699297430244 432.0575496262609 237.68041988504663 431.529183474413 267.9507100439278 395.5298652774218 267.5972849201115 Ni-Net 0
289.6964694817143 225.46861483674078 288.6731249999866 258.45608200000385 239.232919312999 257.5932118124397 240.2565180000238 224.6059400000075 HTEL 0
244.11820634559263 208.67046356739618 242.784845999995 251.65418399998308 181.21083745922078 250.57955603890542 182.54459000003408 207.59613699998934 HTEL 0
406.48088966991054 195.50155810264837 404.8997919999965 246.4826929999959 307.22283390285156 244.77816825449597 308.80463900000905 193.79757699998567 HTEL 0
285.77323168108705 195.39586695759766 318.7726087104238 195.71984940207312 318.03521418092714 237.96540004104776 285.03583720295865 237.64141955726618 HTEL 0
264.0574738992291 196.01681161560924 263.37518200001796 218.00841099997356 224.08266785547312 217.32262881997895 224.76507500003208 195.33111800000543 Ni-Net 0
240.0245715269557 180.595188956084 286.0237010732817 181.04680441438754 285.2496692843124 225.39129804206274 239.25053980827215 224.9396852714311 Steel 0
242.4000677715958 181.6366095486474 241.50070000003325 210.62552400001567 197.11399069165054 209.8508245438352 198.01352100002987 180.86203499999567 Ni-Net 0
242.15402581816306 185.63305245222978 241.65777100002742 201.62689600002713 215.4446628568985 201.16937233657913 215.94097000001057 185.17556899999244 Steel 0
442.7665830880869 177.13240260421605 441.278261999978 225.1143310000166 362.6390478503163 223.74190632793585 364.12785699998494 175.7603530000199 Ni-Net 0
330.40814264248183 174.17146186345693 329.8188929999742 193.16423000000816 286.5676901937695 192.40936346712442 287.1570369999972 173.41667000000874 HTEL 0