0 0.2861392890625 0.5212483739583333 0.04415357812500003 0.054996747916666776
0 0.53216817421875 0.6358491291666667 0.02683634843749996 0.03836492500000001
2 0.331337140625 0.5302429427083334 0.09392428125000003 0.08131921875000003
1 0.34487173359375006 0.5251422531250001 0.04599346718750002 0.04195117291666672
2 0.54746190078125 0.6129287270833332 0.06992380156250003 0.08419078750000004
1 0.4339232304687499 0.55356430625 0.03972146093749993 0.052961945833333364
0 0.51841975625 0.594893215625 0.033714512499999925 0.039786431250000004
1 0.4643847843750001 0.5635136656249999 0.04751956875000003 0.04786066458333332
1 0.541347525 0.5771931 0.04207005000000006 0.04188619999999996
0 0.62384387890625 0.6179384479166666 0.053937757812500035 0.05254356250000001
0 0.39472378125 0.49765383124999996 0.07069756250000002 0.06197432916666662
0 0.57192063359375 0.58512370625 0.028216267187500057 0.02858074583333341
1 0.45075715390625004 0.5136555270833333 0.06401430781249999 0.08147772083333334
2 0.6326607132812501 0.5855062614583334 0.06844642656250004 0.08351252291666675
1 0.41646418671875 0.4678697416666666 0.08917837343750001 0.09823948333333335
1 0.34505942578125004 0.41095516249999997 0.1119938515625 0.12607699166666664
1 0.5643119351562501 0.48520995625 0.16924887031250002 0.16625324583333334
1 0.48505935546874995 0.44214117708333334 0.07011871093749998 0.10511568750000001
2 0.40315447109375 0.384894340625 0.06880894218750004 0.06978868125000001
0 0.432670978125 0.39018640937499993 0.09034195625 0.11787281874999997
2 0.3726908546875001 0.34765108125 0.07975670937500007 0.0869688291666667
0 0.38733794765625 0.3495761135416667 0.04655089531250001 0.04915222708333336
2 0.64170134375 0.475811675 0.1396526875 0.14745668333333328
1 0.5100336671875001 0.38121279583333334 0.07319233437500001 0.06659225833333338