1 0.4043207734375 0.6445875458333333 0.07426654687499994 0.07250842499999995
0 0.54517663984375 0.6000083562499999 0.0403532796875 0.05001671249999996
1 0.34609704375 0.6353263072916666 0.03906908749999998 0.05398594791666665
2 0.48573061093750003 0.6001043427083333 0.11833622187500002 0.10854201874999998
2 0.28209387578125 0.6314282520833333 0.06418775156249996 0.08368983750000006
1 0.39837567578125 0.60503115 0.037376351562499986 0.05172896666666666
0 0.4287733625 0.5957509010416667 0.038796725000000004 0.04983513541666665
0 0.31215986875 0.6114785802083333 0.03994473750000003 0.04379049375000008
1 0.54855303125 0.553752796875 0.031481062500000066 0.03250559375000002
0 0.205504459375 0.6062034572916667 0.057883918749999985 0.05824024791666673
1 0.49106314609375 0.5469860343749999 0.04150129218749994 0.04397206874999995
2 0.42932358515625 0.5538715447916667 0.052397170312499956 0.04524308958333331
1 0.35630920625 0.544019634375 0.0813684125 0.06303926874999999
2 0.19725726718750003 0.5685022770833332 0.07576453437500003 0.09533788749999997
1 0.27416258593750004 0.5413087187500001 0.07020017187500001 0.05761743750000008
1 0.47745630781250004 0.4871769177083333 0.03303761562499998 0.03268716875
1 0.27449728671875 0.480013590625 0.17086957343750006 0.1558605145833333
0 0.47146083281249995 0.4377057854166666 0.04292166562499995 0.04207823749999999
2 0.43330997734375 0.4410046458333333 0.06661995468750002 0.07367595833333335
2 0.415779659375 0.42236487083333335 0.07218431875000002 0.1113964083333333
2 0.2077389796875 0.4574790833333333 0.140477959375 0.13995816666666663
2 0.52149088203125 0.393048340625 0.06798176406249992 0.0944300145833333
1 0.444785934375 0.37032074895833333 0.03019686875000005 0.036474831250000034