415.00242062109464 145.3207432026612 437.9558289445413 143.0442099145097 441.9052503607236 165.4425547468305 418.95184342050925 167.71908275173848 Steel 0
258.37359145814844 189.9553322312443 271.3472616238869 188.66862034305132 274.1231415686343 204.41145526123074 261.1494721002964 205.6981644859489 Steel 0
375.0398800000403 183.5853600000185 368.10218156511837 161.45360527171925 426.19520599997486 151.21048400000782 433.1330044866627 173.34212911264112 Ni-Net 0
383.0919900000299 183.18098200000458 379.1706385590078 170.67181259414542 408.40918100002455 165.51633200000308 412.33056208497146 178.0254689281109 HTEL 0
242.51823434664402 197.93420856925144 280.4412868621148 194.17308674080715 286.1510317987995 226.55485051174108 248.22798379645974 230.31595510290532 Ni-Net 0
328.78080328351643 186.14053833529044 348.74029715567303 184.16098079441525 352.47657779371366 205.35054979165926 332.517085355139 207.3301018573867 HTEL 0
276.38305200001923 217.22804600001803 272.15998430336185 203.7566760895308 292.6633259999653 200.14142199997372 296.88642049208283 213.61276255361662 Steel 0
309.86651600003825 211.32400800001588 305.0401850774506 195.92812263775855 333.6779540000134 190.87858299997754 338.5043261410465 206.2744232035812 HTEL 0
266.01162599996314 233.2727809999749 261.78853532612266 219.8013871024381 288.20074499999464 215.14426899998205 292.42387275931833 228.61562226715378 HTEL 0
208.77620999999635 248.4420619999769 203.64814941829536 232.08391657384706 236.35323100003006 226.31723700002516 241.48135061921494 242.67531774563122 Steel 0
357.4250989999564 216.13869199998453 351.9954963854252 198.8182334646276 395.66135799999756 191.11892999997625 401.09103220835095 208.43931009808156 Steel 0
251.5868059999775 237.84711900000576 248.87193962014862 229.1869543827516 265.7808959999966 226.2054779999984 268.4957781746198 234.86562531265918 Steel 0
322.5115709896636 202.41486779430284 356.44272766694485 199.04966176017368 362.099807994382 231.13274671439427 328.16865540342405 234.4979371418851 HTEL 0
205.11704913260473 239.2074439301832 241.04417370210285 235.64436626088548 246.72759623470483 267.87688125217824 210.80047674920934 271.43993950423913 Ni-Net 0
351.2807140000223 244.6386319999903 341.02476642314286 211.9222399320152 394.6170639999764 202.47275900001006 404.87319379419205 235.188951433977 HTEL 0
399.4768089999707 247.31005300002604 386.2045074465277 204.9711006299144 452.8943699999945 193.21232500001955 466.16696067139856 235.5509606184944 HTEL 0
246.9433659999777 303.6531860000191 230.95618747902336 252.65327780342463 333.26636400001007 234.61450299997813 349.2541953502223 285.61369598558105 HTEL 0
323.4915567957796 236.7664839818439 357.42276140575996 233.40136341421734 365.16360203226213 277.30224170701655 331.2324040520616 280.6673369535382 HTEL 0
384.35499200000777 265.20783700002465 377.71865569746296 244.03843279079325 418.942234999995 236.76978699998108 425.5786731252738 257.9390796543175 Ni-Net 0
357.381874427374 238.92858552541261 404.2867646682862 234.2768140989249 412.546064618291 281.1180998818453 365.6411842694797 285.769833527001 Steel 0
410.0741559999733 272.8579729999806 401.02462112132343 243.9906038552132 448.1962519999797 235.6732210000184 457.24594783663633 264.5404138028694 Ni-Net 0
408.5684030000266 270.07719800000336 403.7419204242178 254.68132761338802 431.3950350000232 249.80542199997478 436.2215690226003 265.201236022368 Steel 0
217.45381000000634 332.2078030000013 202.67280861109612 285.0572387376561 286.74486199997773 270.2340170000095 301.5264184826083 317.38397312714824 Ni-Net 0
327.3479010000301 304.7070969999938 321.31472804016084 285.462127232657 366.22167100002116 277.54407000000134 372.2549609230191 296.7889116261156 HTEL 0