178.9086503128783 182.53784044642225 201.90689708048012 182.08610995913568 202.6520407589851 203.42427678102572 179.6537940557755 203.8760060381881 Steel 0
349.74001193586446 174.72383694472248 362.73902103428554 174.46850996004224 363.2694391391851 189.65773950093921 350.2704300651385 189.91306601836234 Steel 0
192.82037400000263 208.41926700001898 191.3948881882243 185.4547269820363 247.98357200001192 183.47890600001588 249.4092179382278 206.4433196316661 Ni-Net 0
213.80758100000094 207.68637700001207 213.00180327940325 194.7065150188918 241.3368310000078 193.71711099998518 242.1426551375771 206.6969363445543 HTEL 0
344.9740325181483 181.51259090042566 382.97113650027313 180.76625591160612 384.03836577264883 211.32782905355407 346.0412619456474 212.07416107963454 Ni-Net 0
275.37526084874116 194.22412650018202 295.3737370484305 193.83131995976467 296.0823822797829 214.12432057246448 276.0839061364095 214.517126036604 HTEL 0
333.8391789999878 206.49661000001691 332.9713963751419 192.51833978751233 352.3390120000113 191.8420480000196 353.2068285314017 205.82029145030666 Steel 0
293.0037530000118 211.92505300002068 292.01202461590583 195.94985404637154 319.42891300001065 194.9925130000228 320.42069742085005 210.96766772432065 HTEL 0
342.28799899996375 219.20949499998144 341.42022978041496 205.23119636727876 366.78417700000864 204.3455359999787 367.65199343491986 218.32379736604295 HTEL 0
396.2202039999829 216.32553100000908 395.16650525692967 199.35186271190108 426.6080279999733 198.25400300002448 427.6617963078752 215.2276163812784 Steel 0
233.70339399996737 233.00744800000075 232.58775161644735 215.0352443142809 275.04961799997545 213.55263499999856 276.1653675315756 231.52475411523076 Steel 0
367.2727699999814 218.33700799998948 366.71490141001414 209.3509749957956 382.9489279999689 208.78409799999838 383.5068161805975 217.7701155415173 Steel 0
272.92802054347703 210.10543987396377 306.9254320477921 209.43767788121204 307.9905287185102 239.93822712890707 273.9931173728837 240.60598609088282 HTEL 0
394.95733383453626 208.81535621236415 430.9545920522214 208.1083129007657 432.0207554418448 238.63937997271586 396.02349739136116 239.34642009052098 Ni-Net 0
239.60773500002688 258.8171120000119 237.50048466485168 224.86964080615255 288.3906929999648 223.0928500000221 290.498205101685 257.0401145866076 HTEL 0
182.20145899998897 276.8315369999965 179.47456820184016 232.89938869865017 242.62811200002034 230.69457099998573 245.35544553662476 274.6263698586185 HTEL 0
309.61268699997163 286.39077200000895 306.32850170339225 233.47185184267406 404.7039239999867 230.03780700001516 407.9889546120103 282.9560599751187 HTEL 0
284.07361103330913 242.73632589767533 318.0710282164364 242.06858077969704 319.5549143988319 284.5618380359536 285.557497474656 285.22957820672696 HTEL 0
225.59405799998785 287.32354799999945 224.2304777995014 265.357539388019 263.80251199996565 263.9758699999959 265.16624287374725 285.9417596897063 Ni-Net 0
239.54778922976402 257.1004935278488 286.544217332048 256.17744473814724 288.1048283960263 300.8678770627048 241.1084006922465 301.7909182417329 Steel 0
199.13399899996875 303.25669699999304 197.27461205708096 273.3030371295302 242.06020999998145 271.7393939999944 243.91983947221888 301.6928624498018 Ni-Net 0
217.98282600000675 298.59604300001257 216.9910712535784 282.62082087548674 243.4085960000084 281.69840300000584 244.40042774760514 297.67356434981565 Steel 0
364.242882000035 303.49462500001 361.20636184321484 254.5698471775796 441.48468200000934 251.76741399999344 444.5218878617743 300.6916506183896 Ni-Net 0
289.358368999965 308.11086899998753 288.1187652998051 288.14169697641717 331.6341850000026 286.62237399997474 332.87395119412395 306.59141777272293 HTEL 0