290.62887726286135 174.15452243816853 284.50596000002406 187.0078010000069 264.6198299171374 181.67935161944428 270.74276200000895 168.82609699997465 HTEL 0
428.0444768987945 196.48053691385277 413.6118520000309 226.7780009999997 341.0712284831243 207.34116545520695 355.5039979999856 177.0439349999822 Ni-Net 0
340.8070466454956 185.52921398729532 361.7039654371183 188.67866248551832 355.9151262226078 210.28293378711635 335.0182109970774 207.13349436875828 Steel 0
239.36625477843336 173.87737845945784 261.2582572667452 177.17682051237165 255.95789499944658 196.95806460277032 234.06589571590303 193.65863070986092 HTEL 0
299.30366987682646 192.00805230250452 293.1807100000151 204.86133599998735 270.3967564767663 198.75642857345235 276.5197349999653 185.9031750000107 Steel 0
379.975223546935 209.48281705577327 375.1642870000069 219.58183600001067 350.98404963828216 213.10280577925573 355.7950030000211 203.00381399998676 HTEL 0
463.7793726134987 219.5142486631677 445.8477590000257 257.15638599999994 379.6060639256757 239.4073021082102 397.537863999969 201.76546600000196 HTEL 0
200.96944861019438 178.08285292697494 228.83200696691347 182.2821262814917 221.54492311929062 209.47793607296964 193.68237062320986 205.2786776406057 Steel 0
338.64857217340614 212.9033087247094 346.60930402773374 214.10308615439175 344.5642486360157 221.73534209584918 336.60351730861294 220.53556600800573 HTEL 0
361.6843529921607 219.07567702949044 357.31075199997576 228.2565860000062 337.17273769412714 222.86065346171873 341.54635200000484 213.67976600001552 HTEL 0
306.7036555054801 208.48480051407986 328.595679101054 211.7841814435088 322.5188464841631 234.4632649772402 300.6268272773741 231.16389522231796 HTEL 0
294.8852567258291 223.95297405790396 288.7622040000133 236.80623899998875 266.94408048708283 230.96012735955483 273.0671540000185 218.10689599999992 HTEL 0
246.43226338375825 217.1817081701806 241.62130700002308 227.28070199999829 222.27068162850628 222.09574623197386 227.08165199997893 211.99677499999103 Steel 0
386.97572958728415 234.1345084185349 374.7296030000143 259.84113400001337 334.9569988933217 249.18422050005023 347.2032059999765 223.47772500001454 Ni-Net 0
188.06564272621472 195.3308140809622 222.89386827098497 200.5798459088614 213.33207118579594 236.2650411379546 178.50385634556005 231.0160365660135 Ni-Net 0
237.3786581429158 219.93223166514076 256.28540397709 222.78168400032274 251.8489734931063 239.33868222502377 232.9422305279877 236.48923719501727 Steel 0
317.31022714426217 226.85596893840736 339.20229226459924 230.15530200933276 329.7608228446916 265.3914773471309 307.86876530190057 262.09216356999855 HTEL 0
300.7316160189657 236.90748970941215 294.6085270000185 249.76079400001692 265.06295235645666 241.84415543080613 271.1860709999746 228.99089899999996 Ni-Net 0
448.4778906106658 258.89611016964665 436.6689739999856 283.68467199998236 393.2110451927292 272.04032326865774 405.0200549999863 247.2519119999759 Ni-Net 0
306.5277949497249 247.77817333463807 318.46891141576634 249.57779637131273 313.97781822168326 266.3388169376525 302.0367038090626 264.53919912932633 HTEL 0
434.95123235501524 278.04786773272184 425.76638799997454 297.3277510000054 395.9366934755235 289.33499236970073 405.12159099998826 270.0551949999871 Steel 0
338.2831500724569 249.04007044737196 389.03295671203523 256.6883679910706 376.1574484360608 304.7405962854362 325.40766874582914 297.0923673596887 HTEL 0
188.85568374251307 234.88300222012475 219.70359438135347 239.53203018345812 209.22316770243924 278.6456614763655 178.3752694283612 273.99666499595264 HTEL 0
391.441337331853 290.20093469367424 407.36283971054945 292.60036196162514 403.5315155540593 306.89907753561033 387.61001588798536 304.4996571744574 Steel 0
262.7916611569526 262.9753433812541 242.23550200003956 306.1262649999818 164.2968784148252 285.2432162789507 184.8533380000299 242.09278000000177 HTEL 0
314.61548024039075 271.6860707742997 357.4045710106293 278.1345376251093 345.28001418897475 323.3841923030483 302.490946410544 316.9357839937167 HTEL 0
366.428801893926 306.2749226277008 381.35521740121476 308.52435815153655 377.55305314509314 322.71424532326364 362.6266402962938 320.4648165683908 Steel 0