411.8109942096635 317.5934256542934 437.80301221508125 318.6156412965876 436.07352127772174 343.348631325544 410.08150385154295 342.3264212143422 Steel 0
257.6349202633719 271.726916853039 272.63031221707934 272.3166807966337 271.41252821253147 289.7318531263459 256.4171364586946 289.14209109149186 Steel 0
428.49066041235346 303.7226022311554 424.6607960000256 334.53104100001906 365.13432254156214 330.3688292532339 368.96453200002725 299.5606800000012 Ni-Net 0
407.71672444250726 303.27279817321863 405.61634999998205 320.1675789999771 375.7723845984583 318.08075482754435 377.8728520000004 301.18605199997654 HTEL 0
243.41779605747433 245.671712412308 285.4048954767495 247.3230693645412 282.8740360249503 283.5162264729386 240.88693770201644 281.8648799895359 Ni-Net 0
327.6736700343463 273.61717772604413 350.6666052525543 274.52147863410045 349.01325692808314 298.16555023314766 326.0203221336269 297.2612533716856 HTEL 0
274.4330227984756 260.87225187408495 294.42687624687096 261.6586098939631 293.2682065699919 278.228407101076 273.27435336505005 277.4420514062307 Steel 0
336.0115044074337 270.19031567549587 333.5405219999666 290.066499000003 303.5352128215891 287.96838044769754 306.00629400003527 268.0922799999797 HTEL 0
291.35729720546806 247.01898852501014 289.2569740000181 263.9137279999933 262.4057772743254 262.036151980591 264.5061690000148 245.14147000002234 HTEL 0
241.74299515696475 228.51294395757236 239.1485290000128 249.38294299997892 205.0992345820123 247.00204891435703 207.6938009999867 226.13213400001757 Steel 0
399.42191018933954 269.612044033208 396.45681299996795 293.46359200001586 351.2728737645375 290.3041677331944 354.23815000001923 266.45276999999413 Steel 0
268.5629203390272 239.41045436546776 267.08032199996524 251.33612399999424 249.47618216792762 250.1051390480252 250.9588110000186 238.17949499999182 Steel 0
324.5692660849454 246.33416641338897 362.5575958207628 247.82825008233561 360.0352513333928 283.8996544850699 322.0469225881243 282.40558027471 HTEL 0
208.3006235157518 203.11840450897944 248.28833269537427 204.69116894240156 245.7617311392096 240.82340539878427 205.7740228340117 239.2506493156535 Ni-Net 0
347.21323477308033 237.89316820447243 401.19664921694493 240.01634656247887 398.22171500847617 282.56014462961133 344.2383021942078 280.43698183214684 HTEL 0
393.31043780388427 238.10927269439745 460.2898672684387 240.7435740695893 456.5199514035339 294.6562899991114 389.54052456174395 292.02201366846754 HTEL 0
348.87676542908594 179.86673270210648 340.6000630000199 246.4527059999793 234.24706641082594 239.01623276358217 242.52464899996994 172.43099799997472 HTEL 0
327.7780575153156 200.4462191549832 366.7660834342678 201.97966080548318 363.4742976022244 249.0546697316415 324.48627280798974 247.52123882116342 HTEL 0
426.06881871332007 221.35334571105665 422.6095840000198 249.18004500002667 380.20324057702965 246.2147979216486 383.66263900003105 218.38823599999515 Ni-Net 0
362.04401346134546 197.83011899553676 415.02773746615276 199.91402615276385 411.42713217770506 251.40541687226656 358.44340984374867 249.32152567029993 Steel 0
456.9840367553843 215.49552752387348 452.53650599996035 251.27273900002282 402.7168882301339 247.7891288868072 407.1646640000108 212.01212299999315 Ni-Net 0
436.96055049796996 217.1028776970798 434.4896229999722 236.97903299998538 405.4819541678444 234.9506614122542 407.9529590000311 215.0745709999943 Steel 0
302.5008941613487 149.55836270845091 295.0887079999666 209.1872180000013 208.06598786373797 203.10223068106498 215.47871700000542 143.47383100001693 Ni-Net 0
374.813239491923 178.67399125814077 371.6011409999919 204.51306899998812 325.3121936691605 201.2763275984614 328.5244270000112 175.43736300001734 HTEL 0