0 0.31202173281250006 0.36213173333333337 0.03966846562500002 0.049263466666666686
0 0.5708837031250001 0.39215884791666666 0.023017406250000063 0.0343176958333333
2 0.356551234375 0.3767221302083333 0.09122746875000001 0.06177759375
1 0.3666996828125 0.3899119177083333 0.045899365625000015 0.03399050208333332
2 0.5791975265625 0.42542439479166666 0.06464505312500002 0.07168212291666667
1 0.45647524218749996 0.41488365625 0.03482548437499995 0.04643397916666666
0 0.54575355234375 0.42313662916666667 0.03213210468750001 0.03377325833333333
1 0.4880848875 0.4199700114583333 0.044919775000000065 0.039940022916666665
1 0.5597811132812501 0.453064978125 0.04143722656250004 0.0352966229166667
0 0.64909430390625 0.46317836875 0.05131360781249992 0.0430234041666667
0 0.40303170859375004 0.4447753572916666 0.06856341718749999 0.04788404791666666
0 0.59138872109375 0.46341960937500004 0.026527442187499962 0.022672552083333325
1 0.45734582031250004 0.46033327291666665 0.05844164062499999 0.07066654583333332
2 0.6479591734375001 0.496003834375 0.06154334687500001 0.07117433541666666
1 0.41388348828125 0.4831667052083333 0.08401697656249994 0.08300007708333332
1 0.33039071250000007 0.49294576041666666 0.10453142500000001 0.1067248541666667
1 0.552137540625 0.5504440333333332 0.16052508125000006 0.13422139999999996
1 0.46630084531250005 0.5435734333333334 0.06072669062499996 0.09548020000000008
2 0.3745237703125 0.548530125 0.06467254062499998 0.05539358333333339
0 0.40313431328125005 0.5618748854166666 0.08126862656250006 0.10291643750000005
2 0.33541258671875007 0.5657694125 0.07395017343750002 0.0732054916666667
0 0.34980946093750004 0.57400973125 0.043368921875000015 0.0396861291666666
2 0.6190490187500001 0.604440040625 0.13184803750000001 0.12138008124999994
1 0.47118505546875 0.615720109375 0.07049511093750001 0.052273552083333404