269.19644772853644 297.40495637056245 286.1620356464846 295.72245114251086 288.64330302494636 309.79447112440744 271.67771636202815 311.47697155912505 HTEL 0
354.40157299999555 296.89052499998115 345.35201541562856 268.0228112724829 416.15905500002555 255.5382159999878 425.2088750517578 284.4056421778016 Ni-Net 0
337.8056821256905 271.8757870479944 357.7651989773585 269.8963354154686 361.3278456999251 290.1012059711268 341.36833081036457 292.0806501097106 Steel 0
237.3421191030502 289.5132000658518 258.2996138891758 287.43480162258146 261.5281383371621 305.74475704892967 240.57064552864176 307.823147939293 HTEL 0
276.7778130000079 294.3308609999751 272.85622020674055 281.8217366488716 295.20134899998084 277.88174900000945 299.1229789701174 290.3908326209628 Steel 0
356.4901600000303 274.18286500001483 353.4735852936865 264.5604451819864 376.4194490000227 260.51452799998634 379.43605114749516 270.13691775403714 HTEL 0
395.5922550000105 271.34981699997934 383.8280051439506 233.82208211465206 447.9084409999632 222.52342399997946 459.67296691458614 260.0508564426486 HTEL 0
196.88840478986094 278.9220514454834 223.83375808865821 276.2498114127189 228.35681136311905 301.90147507272127 201.41146153997397 304.57370183072084 Steel 0
338.64945799999987 265.14354299999593 336.8395073660213 259.37011793893885 345.48603100003675 257.84551000000977 347.2959877023095 263.61892841265524 HTEL 0
341.6038809999736 264.62259799998407 338.88897362827265 255.96243210720564 357.76758599997265 252.6336609999981 360.4825130282552 261.2938053574191 HTEL 0
302.4013324517 249.60961918111497 323.3588183049869 247.53116328378252 327.1082744123123 268.7954858765405 306.1507905592589 270.8739341346294 HTEL 0
272.2058790000301 262.64336500001104 268.2843632093136 250.13423837182015 289.6446080000169 246.36790100001355 293.5661554036051 258.87699299354 HTEL 0
225.746266999995 269.8200219999937 222.72969567260589 260.1976182395926 241.73632400001225 256.8462770000084 244.752917716105 266.468656231732 Steel 0
340.4664290232904 223.61914025527932 374.39759014945594 220.25397400988766 379.5337349933834 249.3826751062395 345.60257791476033 252.74782589279073 Ni-Net 0
181.27485726057785 253.71968774915447 215.20604140787327 250.354592992581 221.03678140461852 283.4226030012454 187.1056024752761 286.78767782889753 Ni-Net 0
234.8387983135035 246.52231450138956 252.80235116653785 244.7407722892579 255.47042419973877 259.87221188101176 237.50687253843353 261.65374954165225 Steel 0
309.0095861537702 217.98164153687082 329.96708351915004 215.90315157651014 335.97394241449365 249.96994586990544 315.0164479416708 252.04842478271158 HTEL 0
270.1221010000154 250.82567199997567 266.2006250003469 238.31650164751736 295.4392910000024 233.16102300000597 299.36080814528395 245.67014827391208 Ni-Net 0
401.91269199996896 226.57200899998904 394.3715564746526 202.51588922457088 435.97899000000325 195.17953599999063 443.5202236453915 219.235548276313 Ni-Net 0
302.537813275776 215.83103426965786 313.5155390283762 214.74229330294244 316.2650885401672 230.33580310936262 305.287363448806 231.42454155055154 HTEL 0
398.3900230463041 183.55887235459934 424.33736221966683 180.98544468888963 428.152639751861 202.62303435131727 402.2053024557681 205.19645484740715 Steel 0
327.06687581536244 182.17910159179283 375.96766534603375 177.32921111416272 383.9059921212174 222.3500469091337 335.0052103012422 227.1999079372215 HTEL 0
180.76748865780246 210.53086717235848 209.70878722750058 207.6605628120081 216.34191573153657 245.27915827668267 187.40062145829143 248.1494462273642 HTEL 0
386.4293508153787 173.3142372582228 401.39896411288646 171.82955659208284 403.68023185590573 184.76729390891933 388.71061915881 186.25197228178556 Steel 0
181.55129300001136 238.0111510000239 168.27908779239806 195.6720962652896 242.84731500003545 182.52423700001611 256.11982881397125 224.86295363204488 HTEL 0
303.48214927384106 163.59889724911798 344.3991268258833 159.54078345501972 351.8848296697979 201.9945834177943 310.96785761605133 206.0526762117936 HTEL 0
359.32100259771687 157.7856486492701 374.2906147254689 156.3009575313259 376.57188098310144 169.23868423393574 361.6022694037383 170.72337325749794 Steel 0