0 0.32114773515625006 0.3409261614583334 0.03917047031250003 0.04851898958333335
0 0.57851305625 0.40237156145833336 0.022651112500000004 0.03390978958333329
2 0.36570107890625003 0.3611745802083333 0.09077715781250006 0.05984916041666667
1 0.374379284375 0.37484956458333335 0.04563356875000002 0.0330324625
2 0.5835372546875001 0.4352163947916667 0.06394950937500009 0.07043278958333339
1 0.46248516171875 0.41039688229166665 0.034345323437499964 0.045793764583333285
0 0.5518432140625 0.42907223645833337 0.03181142812499998 0.03314447291666666
1 0.49259730234375 0.4195152281249999 0.04456960468749998 0.039030456249999956
1 0.5658800359375 0.4609755395833333 0.041135071875000054 0.03445107916666667
0 0.6520368453125001 0.481403390625 0.05094869062500003 0.04197344791666667
0 0.40754018125 0.43363707291666664 0.0682053625 0.04644081249999997
0 0.5944164898437501 0.4735657833333333 0.026332979687500035 0.022131566666666616
1 0.46324187421875007 0.45561419270833337 0.05773374843750006 0.06956171874999999
2 0.6476083140625001 0.5141652927083332 0.060841628125000026 0.06999725208333321
1 0.41506254843750007 0.4740001739583333 0.08325009687499998 0.08133368125000005
1 0.33301532109375 0.47524971770833335 0.10353064218749997 0.1046661020833333
1 0.55000674453125 0.55713429375 0.15938848906249997 0.1309352541666667
1 0.46422182890625 0.5388790489583334 0.05969365781249998 0.09442476458333336
2 0.374285921875 0.5353709291666666 0.06419684374999993 0.05407519166666669
0 0.4010482671875 0.5506997927083332 0.08022153437499996 0.10139958541666658
2 0.33194907578125 0.5462863645833332 0.07327315156250003 0.07173939583333333
0 0.3465078328125 0.55690634375 0.04301566562499999 0.03881268749999999
2 0.612257128125 0.6176972093750001 0.13076425625 0.11872775208333337
1 0.4631679773437501 0.6108178760416666 0.07008595468750008 0.05080241874999996