0 0.340619375 0.30851533541666665 0.043738749999999986 0.054530670833333336
0 0.58783169375 0.4169194229166666 0.025663387500000037 0.038005512499999956
2 0.38162587578125 0.33743444687499996 0.09450175156249996 0.07486889374999996
1 0.38935257343750007 0.34944044374999994 0.047455146875000055 0.040547554166666624
2 0.589758303125 0.4505493291666667 0.07014160624999999 0.080265325
1 0.47259145390625 0.4030386052083333 0.03893290781249999 0.051910543749999975
0 0.55727998828125 0.43925232291666666 0.03330997656250006 0.03683797916666662
1 0.5020568445312501 0.4192202197916667 0.04786368906250003 0.04677377291666668
1 0.5682677421875 0.47208475 0.04278548437499996 0.04000283333333332
0 0.6505505437500001 0.5081210708333334 0.05422608750000002 0.04957547500000003
0 0.41400336328125004 0.4143161729166666 0.07175672656250001 0.057799012500000004
0 0.5952977953125 0.4931624833333333 0.028095590625 0.027991633333333314
1 0.4663326953125001 0.44601951354166663 0.06391539062500007 0.07953902708333332
2 0.64445174921875 0.5399510875 0.06702849843749999 0.07990217500000002
1 0.41825617187499997 0.455781659375 0.08963734375000004 0.09489665208333337
1 0.33693526796875006 0.441293290625 0.1113705359375 0.12008658125
1 0.54409960078125 0.5642938395833333 0.16944920156249996 0.1577543458333333
1 0.46004746640625005 0.5304416979166666 0.06696993281250006 0.10255006249999994
2 0.36975339296875 0.5098612885416667 0.06763178593749997 0.06555591041666667
0 0.3946532078125 0.5296135302083333 0.08930641562500004 0.11339372708333334
2 0.32887105625 0.5125484218749999 0.07961711249999999 0.08343017708333325
0 0.34190356796875004 0.5253794322916666 0.04630713593749998 0.04659219791666658
2 0.5991482023437501 0.6344716302083334 0.1389214046875 0.1397765937500001
1 0.45241782031250005 0.6039823645833332 0.07358564062499999 0.062131395833333276