426.27968104709 183.48459260950975 423.5872989999916 212.38349299998242 378.4728030827682 210.01922690158887 381.16534200002206 181.12045400001392 HTEL 0
299.43472518614726 173.83301691705293 322.43076647449925 174.51089439122055 321.3041554454685 196.00796507208648 298.30811429703317 195.33008938070398 Steel 0
424.1106550971017 202.39719788495233 446.1068687840452 203.04559219195056 444.876784455264 226.51706810185172 422.88057093792304 225.86867595411738 HTEL 0
385.0087809822435 179.31861661033605 381.0168269999849 222.16893700002564 307.3736093471234 218.30968658028908 311.36594700001297 175.4596780000227 Ni-Net 0
454.64947730244603 212.00864771414325 491.643113494938 213.0991182503031 489.7670284679043 248.897113220131 452.77339274281985 247.80664863567486 Ni-Net 0
388.8969413830637 205.55858689338228 409.8933276158641 206.17750780352208 408.7167772030807 228.62749209441927 387.7203911270044 228.00857317992276 HTEL 0
369.0813584469288 201.51597889526334 391.07757276200573 202.16437373847245 389.8998241276422 224.63722009219418 367.90360997387324 223.98882730307267 Steel 0
464.7369178898225 224.55369899408106 463.0657030000293 242.4908940000201 438.3693640236743 241.19664273576302 440.04064200002176 223.25949900002507 Steel 0
310.6888428161619 198.45571598911098 309.48185200002627 211.41034199998043 289.98123660283454 210.38837434489503 291.1882589999732 197.43377399998874 HTEL 0
533.7444422105909 249.19895381627688 531.6090360000089 272.1187789999765 495.7251921596617 270.2382600223596 497.8607290000218 247.31854100000186 Steel 0
347.1603030289407 213.38490727203265 345.4890980000346 231.32210400001674 319.7941394891677 229.97551894891382 321.46540699999605 212.03837300000373 HTEL 0
388.5911979097 224.56852268277885 387.0128510000359 241.50925000002326 355.3666229594819 239.8507984459954 356.94504599996435 222.9101330000251 Ni-Net 0
440.01836600495153 242.28409570999548 437.7901959999872 266.20056900001043 386.88642369983427 263.5329832645729 389.1147820000333 239.61666300000087 HTEL 0
493.34283568983665 257.0954925487143 536.3354468245234 258.36275406932833 534.1904963361594 299.29112039309706 491.1978859512601 298.023868418629 Ni-Net 0
484.82764040498296 264.6599518754219 482.7851070000179 286.5833549999888 438.95273329537304 284.2863310390048 440.9954280000238 262.36305900000735 HTEL 0
342.33948308879917 244.1748250633344 341.1324739999691 257.129464000026 320.6332012920029 256.05516692576015 321.84025100003055 243.1005610000079 HTEL 0
507.01135581111885 272.8308052874429 501.34887300002447 333.6193689999936 396.01886465927237 328.09997158474584 401.6825239999889 267.3123640000136 HTEL 0
341.35013194856583 266.1531258642192 339.7717399999965 283.0938310000053 314.1172472402832 281.74937696318796 315.6957120000152 264.8087310000148 Steel 0
331.72611222857086 264.6474757414518 370.7194059786707 265.7968515761337 369.10260141681647 296.64746521861775 330.10930818381894 295.4980959677623 Ni-Net 0
338.55949599652376 268.009716292476 379.55246086719853 269.21802059720045 376.93889057045453 319.0883386358026 335.9459266189515 317.8800460339136 Ni-Net 0
533.5028912999405 299.2538800923128 528.211444999979 356.05599600001125 443.01593361306004 351.59156124389654 448.30834300002607 294.79022800002474 Ni-Net 0
271.86066877322446 260.5086885216968 309.8541416383523 261.6285907812412 307.6628474143945 303.44126742487765 269.6693752353167 302.3213739008731 Ni-Net 0
322.74694557454495 302.2290469285083 340.74384975370776 302.75951602006546 339.9372430783842 318.1505370907375 321.94033903084346 317.6200696747015 HTEL 0