356.35064227317343 290.27464983589005 375.3265714173176 288.7747021765659 377.7141582812328 305.7633389268078 358.73823019450356 307.26328153793946 HTEL 0
226.6471779999847 308.6604000000076 216.1656173713709 266.71015934942966 291.96203499996045 256.05840999998685 302.4440551600128 298.0081977794524 Ni-Net 0
282.1109074669221 272.1875403507792 305.08177050665836 270.3717936952216 308.33824515859305 293.54293622181996 285.36738377588335 295.35867496625997 Steel 0
382.0713476702076 279.2839695234983 406.0409411949513 277.38928587795533 409.02753758622566 298.640127904194 385.0579456814012 300.53480381563224 HTEL 0
348.45014999998966 291.542108999976 344.3061105056404 274.9573708244826 368.8603729999886 271.50657000002263 373.004471172535 288.0912503470124 Steel 0
266.0277230000065 279.8997910000014 262.6150092001626 266.24175481893656 287.84573299999465 262.6958839999934 291.2584946506104 276.3538730230729 HTEL 0
190.21065799999633 286.5158749999822 178.0229079493438 237.7367639442363 248.60969499997736 227.81704599999208 260.7978982602799 276.5957104106549 HTEL 0
414.28948284134094 264.22782440323056 445.2502151500812 261.78050677485163 449.5486055011861 292.3653478713524 418.58787609278806 294.81265165261766 Steel 0
295.41335380490636 259.0599255747426 304.401946048456 258.3494048380773 305.5915075229859 266.8135874330946 296.60291549960675 267.52410711860176 HTEL 0
283.59025899997505 268.34308999998933 280.66508311225334 256.63621934673665 300.73527499997 253.81558400001026 303.66048228483123 265.5224237106992 HTEL 0
313.83919482635974 246.46065937229156 337.8087844365655 244.5659327797847 341.21289279435587 268.78753622885824 317.24330483033555 270.68225496197283 HTEL 0
349.9382190000324 259.01849200000237 346.03802119381726 243.40932612049048 369.4973469999968 240.11239500001284 373.3975915799965 255.72151478264112 HTEL 0
398.862816999972 262.2408640000101 395.6938896178326 249.55842298301667 415.86865999997826 246.72309000000877 419.03762070884113 259.4054981726942 Steel 0
258.1822786385601 224.07652500633185 297.1328634866222 220.99756235295231 302.05564582851366 256.02521840707124 263.10506458510645 259.1041638508866 Ni-Net 0
419.5156878222042 236.74652666004462 458.46628566076106 233.6675937068364 463.94575642159907 272.6563558345294 424.99516284013225 275.7352684630787 Ni-Net 0
384.1736219980521 236.76006254281725 405.1470058635459 235.10216237840626 407.69068752131716 253.2014602217912 386.7173046793323 254.85935549963096 Steel 0
300.4478552997898 215.8439910532355 327.4136543233908 213.71239136584416 332.65238454689097 250.98813276713318 305.6865881056001 253.1197201259406 HTEL 0
344.44624299998395 248.68223600001758 340.0585712039174 231.12188178526955 371.64916900001117 226.68221700002286 376.036908281676 244.24250470584587 Ni-Net 0
199.7921569999744 239.72704199998185 191.99199129419867 208.5085838645794 237.9201450000255 202.05401999998008 245.72047280882543 233.27231837819596 Ni-Net 0
320.22407678392483 212.85319626393007 334.20633209221705 211.74791343936883 336.69076299913286 229.42561549882254 322.7085082924168 230.53089545117842 HTEL 0
206.01822832199105 190.61897601009218 234.98146859179542 188.3294387674733 238.70623422008066 214.8326338307374 209.7429956630367 217.1221628961794 Steel 0
249.0831552696909 180.88877061023572 305.0122025136807 176.4676090583234 312.4447775402223 229.35358496763754 256.5157369738881 233.774714638309 HTEL 0
418.6471598591743 194.6401517409194 454.60155112501525 191.79798874910304 460.61231153951667 234.56707088581345 424.657923905761 237.40921653700389 HTEL 0
229.7631124727195 179.94019988480107 246.74155814362166 178.59804559339517 248.9730343537667 194.47585765790438 231.99458923838392 195.81800929735954 Steel 0
389.5971109999664 232.23841899997953 375.7034997386654 176.63020891814114 457.91488599999866 165.0768100000059 471.808962098512 220.68456197216145 HTEL 0
279.4637751446862 159.94333662221862 327.40294890885707 156.15372505468065 334.48947220284026 206.57732068938722 286.5503033143614 210.3669089790451 HTEL 0
254.41275591430895 161.3285160365009 271.39119963328994 159.98635063373115 273.62267383010476 175.8641522534199 256.64423061134585 177.206315267879 Steel 0