278.0912309999985 315.416543999984 272.4052506152657 303.48146460765867 291.1473229999683 298.4595849999954 296.8333257589984 310.39462824503363 HTEL 0
359.22900099998515 293.67574399999404 346.1079435445572 266.1326565637733 417.1473859999969 247.09827399998562 430.26861586731684 274.64108290158146 Ni-Net 0
340.3252576127852 269.49044068102893 360.22713836369803 266.4911160268454 365.7280171943421 287.020781313152 345.8261409809347 290.0200944141547 Steel 0
241.77164060776704 295.7810708009312 262.6686282702576 292.6318393424081 267.68105400100467 311.33856569881095 246.78407107450766 314.4877850986 HTEL 0
281.67753300003824 297.8911780000124 275.9916262900515 285.9560619899989 298.5973279999598 279.8989419999792 304.2832601104601 291.834016973802 Steel 0
359.3305369999871 270.87246200001294 354.95683052009554 261.69157580356796 377.9927150000003 255.5191850000228 382.36643961965456 264.70004189077343 HTEL 0
398.0369200000132 264.64222199998665 380.979873053584 228.8364474219965 445.89852600001905 211.44197199998723 462.95575326694234 247.2474552653021 HTEL 0
200.49153476655192 288.5423304384393 227.35909880895633 284.4933080964506 234.35824213069282 310.61465117078507 207.4906864795048 314.6636521473977 Steel 0
340.7698949999758 263.42245699998904 338.1456702208379 257.91395107166045 346.9443869999668 255.55634899997614 349.5686158776516 261.0648483068066 HTEL 0
343.6676720000105 262.64599899998706 339.7313511766697 254.3832102154986 358.72496500000125 249.2939239999904 362.6612989146088 257.5566916346574 HTEL 0
303.1054684484843 250.35909486892834 324.00243123745895 247.20976389510855 329.79128454047896 268.8141684330579 308.89432642892643 271.96348749737876 HTEL 0
274.36125000000175 266.72273300000955 268.67545207562216 254.78759873017435 290.3151179999986 248.98931599997582 296.00093762717734 260.92441520765624 HTEL 0
228.70391700002074 277.92130199999553 224.33018914154673 268.74043702556406 243.5023910000018 263.60330099999203 247.87613438958942 272.7841408829041 Steel 0
338.6364711083297 220.68704711893423 372.4696313514869 215.58804956223062 380.44934066761925 245.3689314037021 346.6161897955317 250.46790509996495 Ni-Net 0
182.6740859993879 264.54742590369796 216.50730788438523 259.44858216664227 225.52231434194255 293.09333697717835 191.68910512402363 298.1921484615883 Ni-Net 0
239.70803800002614 268.7611000000152 233.58486280609213 255.90789226266386 253.4712369999761 250.57939500001638 259.59443382358586 263.4325677933494 Steel 0
306.9320213273022 218.27554034666105 327.8289986926393 215.1261566065556 336.98245890060207 249.28755636917538 316.0854881960404 252.43692314952935 HTEL 0
271.2554210000235 255.13162299998987 265.56966849144374 243.1964392841937 294.9366960000043 235.32765399998084 300.6224765193474 247.26279246294 Ni-Net 0
400.43066300000646 219.48394499999546 389.49679340366856 196.531612420036 431.63129400003527 185.24185700001476 442.5652273732703 208.19408654599357 Ni-Net 0
300.39284800819587 217.0532515270541 311.338864447971 215.40356427466034 315.54196181576117 231.0897818764326 304.59594691150414 232.73946521902855 HTEL 0
398.8591659999656 198.1642269999923 390.1121147040976 179.8024072630561 418.79685699997935 172.1164149999966 427.54394007446535 190.47818339721076 Steel 0
321.5330689060647 180.0384729648073 370.2926127284445 172.68978512034641 382.59201708358887 218.5921840708555 333.8324910661322 225.94082658060506 HTEL 0
178.4522131547419 221.74526658067236 207.30994290272065 217.39613386215765 217.47317478788318 255.3261272805257 188.6154554606037 259.67523346600376 HTEL 0
380.2214114893286 167.24420976724696 395.14777277814574 164.99457812914522 398.6910639729467 178.21834642282013 383.76470404495194 180.46797459609144 Steel 0
181.90479199998663 250.08531899999113 162.66115343867568 209.6889439729123 238.13156199998048 189.46724900001905 257.3754189205647 229.86327126382827 HTEL 0
296.4950462113484 163.8693845004321 337.2938290532329 157.72042753769395 348.84227898983227 200.82013571368108 308.0435089454113 206.96906009176004 HTEL 0
351.8628137843916 154.13736341430658 366.7891722115746 151.88771906381228 370.3324605114176 165.11147440277693 355.4061033418111 167.36111555134386 Steel 0