1 0.6093057742187501 0.5537507125 0.03423654843750006 0.04083475833333333
2 0.45170372734375 0.6415040927083333 0.1221574546874999 0.11634151875
0 0.5023995718750001 0.6065637666666666 0.04229914375000004 0.054794199999999904
1 0.6403388882812501 0.5068258666666666 0.04317777656249993 0.051151733333333324
0 0.5842374859375 0.5358670104166667 0.040349971875 0.04256735416666674
1 0.4667251234375 0.602579203125 0.039700246875000025 0.038491739583333386
1 0.37794317734375 0.6410869708333333 0.11526135468749993 0.12800727499999998
0 0.6798000804687501 0.44982645312499997 0.05647516093749996 0.07048623958333332
1 0.49255204843749995 0.5642670687500001 0.016354096874999956 0.020200804166666704
1 0.47896855078125 0.568425096875 0.03293710156250001 0.032683527083333413
1 0.5236386804687501 0.5265492447916666 0.04415236093750004 0.057265156250000025
1 0.5600358078125 0.47523376875 0.03882161562500004 0.04213420416666663
0 0.6291309820312501 0.4319440010416667 0.03326196406249995 0.03472133541666664
2 0.44673654921875 0.5450014239583333 0.06847309843749994 0.08166951458333334
2 0.67487538203125 0.39822918437500004 0.07162576406249999 0.09229170208333333
0 0.6055448828125001 0.42790285729166666 0.03608976562499997 0.043305714583333335
1 0.4913411390625001 0.49439481041666666 0.051432278125000064 0.08462295416666663
2 0.5485224148437501 0.45587093333333334 0.050169829687500035 0.04924186666666668
2 0.34899493750000005 0.5773342979166666 0.07611487499999998 0.08383526250000001
1 0.49627231640625 0.4599367427083333 0.026919632812500007 0.04070681875000002
0 0.33855950078125 0.5390676885416668 0.05211900156249998 0.061468710416666635
1 0.42046383046875 0.4816067947916666 0.10030266093750005 0.12571358958333329
1 0.6394934632812501 0.32750293125 0.06648692656250006 0.09667252916666667
0 0.34980248828125005 0.4918819927083334 0.030854976562500004 0.03793065208333335
1 0.60623615078125 0.31518495208333336 0.13434730156249994 0.14703657083333338
1 0.4349397921875 0.4145340614583333 0.08862958437500001 0.11656812291666666
0 0.36698998828125 0.43354865937500003 0.030854976562500004 0.03793065208333335