1 0.39692954687500004 0.4263399979166666 0.03135909375000008 0.03601332916666665
2 0.562310015625 0.3696358333333334 0.11524503125000002 0.09760500000000001
0 0.5097489187500001 0.39536542499999994 0.038247837499999986 0.04906418333333331
1 0.36198177109375007 0.46627649583333336 0.03958854218750001 0.04505299166666668
0 0.42035943515625 0.44954731666666664 0.03759387031249997 0.03659463333333335
1 0.54368793984375 0.4037190572916666 0.03737587968749994 0.03243811458333331
1 0.6361404140625 0.38480709375 0.10665582812499999 0.1112808541666667
0 0.31631067734375 0.5167648375 0.05137135468750001 0.06269634166666667
1 0.51526260078125 0.4381336677083334 0.014900201562499937 0.01793400208333337
1 0.52796155859375 0.4367668135416667 0.030923117187500005 0.02770029375000001
1 0.4793327625 0.46939388437499996 0.03991552500000006 0.05128776874999996
1 0.4383300875 0.5140579875 0.036035174999999954 0.03644930833333332
0 0.36551605546875 0.5419726104166666 0.031032110937499982 0.029778554166666638
2 0.55792159453125 0.4651799947916667 0.06271818906249997 0.07202665625000003
2 0.31678592812500006 0.5683649708333334 0.06482185624999999 0.08256327500000005
0 0.38838839140625003 0.5503684562500001 0.033026782812500065 0.03823691250000003
1 0.50816242109375 0.508047890625 0.04444984218750001 0.07859578125000001
2 0.44701951093750003 0.5333115520833334 0.04716402187500002 0.04162310416666663
2 0.6586933296875 0.45095997708333335 0.07051165937500006 0.07275328750000003
1 0.499337309375 0.5415991447916666 0.023674618750000057 0.037364956249999894
0 0.66453399375 0.49162966041666667 0.04781798749999995 0.05409265416666666
1 0.5784014429687501 0.533036259375 0.09117788593750005 0.11190585208333334
1 0.3435195320312501 0.6441083729166666 0.05891406406250002 0.08821674583333336
0 0.6484413562500001 0.5355722083333333 0.02813271250000007 0.03364441666666664
1 0.3747822109375 0.6637136239583333 0.124564421875 0.12742724791666665
1 0.5555950226562499 0.596076896875 0.07994004531250001 0.10465379375000007
0 0.6250038562500001 0.5897388760416666 0.02813271249999998 0.033644418749999974