1 0.6120280187500001 0.620994353125 0.07718103750000004 0.07948870625000003
0 0.46807381562499994 0.6121204645833332 0.042397631249999984 0.05340759583333335
1 0.6686010437500001 0.5984987041666667 0.04345208750000005 0.05949740833333337
2 0.5266035085937499 0.5969466239583333 0.12508201718749998 0.12305991458333333
2 0.7305658601562501 0.5808598562499999 0.0705067203125 0.09088637916666673
1 0.6120396046875 0.581416784375 0.039704209374999966 0.054500235416666716
0 0.58387455859375 0.5798021000000001 0.04274911718750003 0.05543753333333339
0 0.6995578125 0.5676432156249999 0.042865624999999956 0.04778643124999995
1 0.45754870781250007 0.5665783864583334 0.03384741562500002 0.03732343958333336
0 0.80273576328125 0.5388105927083333 0.06172152656249992 0.06512118541666669
1 0.51438153984375 0.5428775385416666 0.044388079687499984 0.048255077083333354
2 0.57676139921875 0.5380334833333333 0.05352279843750001 0.05106696666666674
1 0.6455799062500001 0.5120904208333333 0.08490981250000003 0.07418084166666669
2 0.807886934375 0.49984064479166673 0.08139886875000002 0.1038479562500001
1 0.72583733359375 0.48967021562499996 0.07354966718749996 0.06684043124999998
1 0.519247434375 0.48347937708333333 0.035369868750000054 0.037792087499999974
1 0.71916565078125 0.4297450760416667 0.17895630156249995 0.17615681875
0 0.51983026640625 0.43477852916666665 0.04591053281249993 0.048723724999999975
2 0.5577720984375001 0.43042032708333333 0.071794196875 0.08167398749999996
2 0.5726341984375 0.405174090625 0.07964339687499998 0.11868151458333334
2 0.78194863046875 0.39105140833333335 0.14827226093749993 0.15710281666666664
2 0.46519404453124996 0.40176732708333335 0.0741380890625 0.10353465416666664
1 0.53665072421875 0.36110903125 0.03267644843750004 0.038884729166666666