261.5459497552365 263.04771449024724 255.12016200002108 292.48434699999876 207.68567342303868 286.66028170311847 214.11166600002616 257.22384200001426 HTEL 0
313.52332242291595 284.54270726956423 337.5002609538933 286.1985106390553 334.7851932452613 308.31104156940086 310.8082560348703 306.6552454052851 Steel 0
193.98181026066595 240.6470691892776 216.95970453576592 242.23392989229555 213.8855276209506 267.27117359536226 190.9076345734502 265.6843195908268 HTEL 0
332.6349433918949 261.7007618312299 322.996501000016 305.85606200002377 247.37835819345491 296.57172493672573 257.01729799999157 252.4168929999956 Ni-Net 0
151.00579983831267 213.20506333136316 188.96927840833087 215.82686682993733 184.3352990594576 253.56776317814 146.37182329919597 250.9459750106559 Ni-Net 0
229.95721206047165 243.04927331357206 251.93606755885412 244.56713869715537 249.11212029561284 267.5664156419564 227.1332658816391 266.04855617533974 HTEL 0
248.3281107975199 249.33497629541807 271.30600546508504 250.92182875732405 268.4755651271553 273.973987561259 245.49767162417993 272.3871414536043 Steel 0
178.06589316387544 222.57268352788876 202.04281928825367 224.2285602149982 199.57149546789879 244.35592530855882 175.5945702901954 242.70005378705187 Steel 0
347.5347917043109 272.59857014415513 344.5360030000302 286.33556399999986 324.38496619179205 283.86135616294115 327.3837959999946 270.1244010000219 HTEL 0
149.9473107141239 190.90973536004591 144.8068079999939 214.45894100002528 107.8519612038508 209.92152501637827 112.99255700003414 186.37240700000075 Steel 0
320.44317107815004 250.1294149305597 316.58765799998946 267.7912919999831 290.11207570183615 264.54054461598844 293.9676529999997 246.8787279999911 HTEL 0
285.9301551302633 235.81661741637296 282.07469000000856 253.47853400000128 249.64386869149166 249.49660075592038 253.49940799998876 231.8347540000244 Ni-Net 0
257.83198485973116 208.18620240527304 252.26312300001155 233.69797700000709 200.2354018927872 227.30993939345234 205.8044179999706 201.7983100000011 HTEL 0
112.31282074237242 159.0861823246915 156.27051792682323 162.1220403636071 150.98824882763438 205.14282816216593 107.03055453712295 202.1069859133772 Ni-Net 0
208.35044320774614 182.96804243909375 203.20997900002112 206.5173020000247 158.3147864658531 201.00497058687125 163.4553589999996 177.45581300000688 HTEL 0
322.37176228300086 223.16349313451653 319.3730610000057 236.9004919999887 298.22957326126925 234.3044244889891 301.2283100000059 220.56745899999535 HTEL 0
256.47969275516516 141.52387961047506 242.77236499998253 204.32238300001478 133.6392672709917 190.92294906839453 147.34720300002664 128.12501800001618 HTEL 0
332.8574228204525 198.2556869366232 329.002010999975 215.91756199997752 301.53399399910995 212.5449530015104 305.38945899999817 194.88312800002137 Steel 0
276.2048138093087 178.20207795089067 316.16635306403623 180.96193010381123 312.1287357836263 213.8457846756809 272.16719869335066 211.08594433303588 Ni-Net 0
270.82368123476044 156.38365252994262 312.78331304543826 159.28151371905463 306.4172140594019 211.129476868792 264.4575856078154 208.23163400844902 Ni-Net 0
213.04226228756306 114.02562221644031 200.40571400000772 171.91764800002468 111.5852033324336 161.01207053067387 124.22212899997248 103.12039999998925 Ni-Net 0
338.5957478803175 178.81015405798425 377.55826256739965 181.50100058568813 372.18658462814346 225.2499994936819 333.22407283470966 222.55916875501435 Ni-Net 0
308.6623355095071 160.0221437589352 326.64502345862275 161.26409371863633 324.57826352918346 178.09653017467295 306.5955760100769 176.85458256120498 HTEL 0