176.04887704612338 189.47727111791895 199.0377650877781 188.3459947004214 200.94443462832714 210.13939309141088 177.9555470138439 211.27066624536474 Steel 0
346.2570786113065 172.9609543725389 359.25079669454135 172.3215308673996 360.6013146357873 187.75805378709558 347.60759670694824 188.39747611284284 Steel 0
191.3418609999644 215.1186140000101 187.79911121477198 192.34040751335402 245.12418199999956 187.325414999999 248.66708271852985 210.10349033509098 Ni-Net 0
212.2619499999564 213.28834399999602 210.25946368194127 200.4138041541796 239.02237700000114 197.89745199999103 241.02490705176024 210.771953843776 HTEL 0
341.80314801677014 179.42084746782515 379.7847904605442 177.55177838682008 382.52568352399976 208.8804769394506 344.544042066118 210.74953848884124 Ni-Net 0
273.00086946968804 196.1671460343545 292.991207599116 195.18343072447118 294.80075610750646 215.86672769634524 274.8104183416581 216.85044022923512 HTEL 0
332.06678100003046 205.81823900001214 329.91024519527855 191.95339539641694 349.77429999999003 190.21555400001404 351.93086713246885 204.08037038162755 Steel 0
291.57142099997145 213.37640300001866 289.1068232478574 197.53083486723543 317.0741860000271 195.08408299999368 319.5388357426418 210.92960595616665 HTEL 0
341.16936300000816 218.07152400000666 339.0128293959424 204.20665407221102 364.85404999999446 201.94590500001107 367.0106268265954 215.81073737000435 HTEL 0
394.87672099996416 212.36891899997516 392.25809850817313 195.5329845024666 424.2771090000315 192.7317810000131 426.89579421421513 209.56766099552297 Steel 0
233.45569900004193 237.53344700002083 230.68304636588437 219.70707590945818 273.7270719999651 215.94140100001107 276.4998245755851 233.76768524812428 Steel 0
366.0742310000205 215.89262999998027 364.68787440222513 206.97951461159323 381.22894400003133 205.5323860000249 382.6153184432769 214.44548588177076 Steel 0
271.3602689804975 211.83612690335178 305.3438500984339 210.16383230623146 308.0714565461676 241.34068279758583 274.0878764527588 243.01296956822432 HTEL 0
393.15084577283415 204.11577787637128 429.1334588694008 202.34510431749777 431.86770987500495 233.59788801447425 395.88509782879555 235.3685535497229 Ni-Net 0
240.70272099997965 262.9987300000028 235.4655247075425 229.32672432240633 287.5491609999881 224.77032299998547 292.7866029914003 258.442115182933 HTEL 0
184.31792099996528 283.9928789999992 177.5404545624042 240.41721188822743 242.24713900002826 234.75665599998186 249.02502555625688 278.3319580615906 HTEL 0
312.0548279999639 286.87082500002623 303.89147425048577 234.38131687825015 404.0664590000233 225.61839900001866 412.23058674710046 278.1072345826652 HTEL 0
284.1983518888446 243.83895179423894 318.1819515423558 242.166699546291 321.9554157734092 285.2979346846013 287.97181777481455 286.9701742904687 HTEL 0
228.20016199999372 292.1995179999835 224.81127532679238 270.41175863193774 265.13432899999316 266.88416100000023 268.52335675270297 288.67179778132396 Ni-Net 0
240.4594266586355 260.2178255795238 287.4367544981942 257.9062141056197 291.42771241364244 303.52351173570577 244.45038715181 305.83510351793313 Steel 0
202.61024100000213 309.49564399997865 197.98904044204392 279.78505216990897 243.82813500000339 275.77495000000664 248.4495645005518 305.48534289835226 Ni-Net 0
221.18931700002577 303.8549060000087 218.7246007403155 288.0093229285974 245.6958879999729 285.64974099998983 248.16067662301066 301.49526119361315 Steel 0
367.50530099998286 301.0921140000155 359.95782369391236 252.5643544629762 441.93404999998165 245.39326999999162 449.4821517310629 293.92048696520584 Ni-Net 0
292.9650099999708 309.6211839999809 289.8841882063425 289.81406111694565 334.05826700000034 285.94959300001045 337.1392384672072 305.75658582966145 HTEL 0