1 0.5772247953125 0.3821416010416667 0.035699590625000076 0.04344986875000002
2 0.4063884765625 0.40721165624999994 0.12527695312500003 0.1269233125
0 0.46283373984375004 0.4060033885416666 0.04441747968750001 0.057840110416666646
1 0.619374021875 0.4022323083333333 0.04499804374999999 0.05446461666666664
0 0.56146324765625 0.41460981770833333 0.04167649531250009 0.0458863020833333
1 0.43288141562500004 0.4313675166666666 0.04076283125 0.04190169999999996
1 0.34256720546875 0.4561073895833333 0.11950941093749999 0.13721477916666663
0 0.6748686367187501 0.4290000583333333 0.05911227343750003 0.07466678333333335
1 0.4694888414062501 0.448210190625 0.017102682812500002 0.021420381250000037
1 0.45756113359375006 0.4531569989583333 0.033872267187499985 0.03548066458333334
1 0.5106842687500001 0.4614707614583333 0.04636853750000008 0.06044152291666668
1 0.562278634375 0.4830552635416667 0.04018226875000002 0.04527719375000003
0 0.63747704921875 0.4749864833333333 0.03432909843749998 0.037472966666666704
2 0.43726208984375003 0.49553320520833327 0.07139917968750008 0.08689974374999991
2 0.6891512796875001 0.4758185125 0.07517755937499998 0.09747035833333335
0 0.6172628234375002 0.49385897291666664 0.03765064687500006 0.04605127916666666
1 0.49483539453125 0.5104464958333333 0.05529578906249997 0.08755965833333335
2 0.5585902570312501 0.5059294427083334 0.05155551406249997 0.05352555208333337
2 0.33943515546875 0.5303893083333333 0.07887031093749997 0.08994528333333338
1 0.5112176453125 0.5378649833333333 0.028685290625000005 0.04239663333333325
0 0.34433574921875 0.57023968125 0.05429649843749998 0.0654793625
1 0.43688698984374996 0.5665580020833334 0.10502397968749994 0.13311600416666672
1 0.6837230742187501 0.55883875 0.07057114843750005 0.10101083333333337
0 0.370814653125 0.6034530104166667 0.03225430624999999 0.04023935416666665
1 0.6601968578125 0.5935138708333334 0.13914371562500003 0.15786107500000005
1 0.4747219515625 0.6156043385416666 0.09319390312499998 0.12287534374999999
0 0.40831465390625 0.64303634375 0.03225430781249994 0.04023935416666665