1 0.63796498828125 0.4472436458333333 0.07905497656250003 0.08198729166666668
0 0.5032100421875001 0.38318812187499995 0.043920084375000015 0.053876243750000025
1 0.6826635445312501 0.49641537083333337 0.043452089062500046 0.05949740833333337
2 0.5533417515625001 0.42504492604166666 0.125433503125 0.1250898520833333
2 0.7352533601562501 0.5475265239583335 0.0705067203125 0.09088638125000005
1 0.62686333203125 0.48581777604166665 0.0412266640625 0.05496888541666666
0 0.59949955859375 0.4693854333333333 0.04274911718750003 0.05543753333333334
0 0.7028585554687501 0.5415748510416667 0.043217110937500004 0.04981636874999999
1 0.48098620781250007 0.41657838645833334 0.03384741562500002 0.03732343958333336
0 0.7902357640625001 0.6242272583333334 0.06172152812500009 0.06512118333333336
1 0.5253190390625 0.46787753958333334 0.04438807812499999 0.04825507916666669
2 0.58144889921875 0.5067834833333333 0.05352279843750001 0.05106696666666668
1 0.6379431492187501 0.5651887229166667 0.0852612984375 0.07621077916666673
2 0.782886934375 0.6602573114583333 0.08139886875000002 0.10384795624999997
1 0.70413807734375 0.6302685177083334 0.07390115468750001 0.06887036874999997
1 0.512997434375 0.52514604375 0.035369868750000054 0.037792087499999856
1 0.68260262109375 0.68099436875 0.18083024218750002 0.17865540416666667
0 0.49795526640625004 0.5722785302083333 0.045910532812500016 0.0487237270833333
2 0.53277209765625 0.5970869937500001 0.0717941953125 0.08167398749999996
2 0.5391961679687499 0.6230900489583334 0.08151733593749998 0.12118009791666667
2 0.7289993734375 0.7462330447916665 0.148623746875 0.15913275624999995
2 0.43863154453125 0.5705173260416667 0.0741380890625 0.10353465208333325
1 0.49307646718750003 0.6475406666666667 0.033027934375000005 0.04091466666666659