0 0.67896023515625 0.6596761614583334 0.03917047031249998 0.0485189895833333
0 0.42070055625 0.5961215614583333 0.022651112500000004 0.03390978958333335
2 0.63288857890625 0.6382579135416667 0.09077715781249998 0.05984916041666667
1 0.625941784375 0.6248495645833332 0.045633568749999937 0.033032462499999936
2 0.4163497546875 0.5664663947916667 0.06394950937499999 0.07043278958333339
1 0.53748516171875 0.5895635489583333 0.034345323437499964 0.045793764583333285
0 0.44871821406250006 0.570738903125 0.03181142812499998 0.0331444729166666
1 0.50665980234375 0.5799318947916667 0.04456960468749998 0.03903045625000002
1 0.43463003593750005 0.5380588729166667 0.041135071875000054 0.03445107916666667
0 0.3489118453125 0.518903390625 0.05094869062499999 0.04197344791666661
0 0.59191518125 0.5669704062500001 0.0682053625 0.04644081249999997
0 0.40535398984375004 0.5256491166666667 0.026332979687500035 0.022131566666666675
1 0.53667937421875 0.5451975260416667 0.05773374843750006 0.06956171875000004
2 0.3522958140625 0.48499862604166666 0.060841628124999984 0.06999725208333334
1 0.5838125484375001 0.5260835072916666 0.08325009687499998 0.08133368125
1 0.66739032109375 0.5252497177083333 0.10353064218750002 0.10466610208333335
1 0.45000674453124995 0.44463429375 0.15938848906249997 0.1309352541666667
1 0.53609682890625 0.461795715625 0.05969365781249998 0.09442476458333336
2 0.6258484218750001 0.4645375958333333 0.06419684375000001 0.05407519166666663
0 0.5994857671875 0.44861645937499994 0.08022153437500004 0.10139958541666665
2 0.66788657578125 0.4546196979166667 0.07327315156249999 0.07173939583333333
0 0.6543203328125 0.44440634375 0.04301566562500003 0.03881268749999999
2 0.387257128125 0.38228054270833334 0.13076425625 0.1187277520833333
1 0.5366054773437501 0.3899845427083334 0.07008595468750008 0.05080241875000002