361.87290000001667 321.5883580000119 360.1994457277033 294.6300245741944 404.9038099999598 293.0692280000066 406.57749718295236 320.0273775982846 HTEL 0
281.3731903878943 280.0212358853929 304.37143893483153 279.5695339423577 305.08168279964593 299.90833887080066 282.08343434489507 300.3600390521475 Steel 0
408.819851169319 290.59511816514714 430.81817692938785 290.16305992282514 431.6325850058638 313.4847808420226 409.63425935115083 313.9168370716642 HTEL 0
296.42390399996657 309.86535399997825 293.8830533743021 268.9283206818388 365.9497730000294 266.41246600001585 368.4911581848428 307.3490774096815 Ni-Net 0
442.5473816063459 282.19915355493424 478.5446445643174 281.49214783179167 479.75040381294093 316.0208172606779 443.7531411078089 316.7278181550064 Ni-Net 0
376.351817084651 277.7509560446855 396.35029412587755 277.3581709582468 397.09383905479626 298.6505845645506 377.0953620970249 299.04336805701575 HTEL 0
356.258236319336 275.4202533023939 378.25656112523575 274.9881889582588 379.0011718325695 296.31112345413214 357.0028471178375 296.74318605660727 Steel 0
431.1322680000012 299.15757700002234 430.07851564514567 282.1839269293592 453.5249659999681 281.3652439999973 454.57879099587444 298.33883673731145 Steel 0
280.17665899998974 274.4107769999885 279.3708411053376 261.43094059283845 298.7113919999683 260.7556050000085 299.51725213562895 273.7354080673113 HTEL 0
493.0945000000065 296.9938080000237 491.73088813302456 275.02784041285247 526.3059990000329 273.82062700001813 527.6697471742227 295.78648700394626 Steel 0
315.0855389999924 271.1905130000166 314.03180165252707 254.21686568066573 338.47762799996417 253.36328099998826 339.531433782322 270.3368743052467 HTEL 0
351.1683079999784 272.93230299998675 350.1765818070271 256.95705513170736 381.591030999989 255.86016600001383 382.58284063216706 271.8353480117248 Ni-Net 0
389.11026000001584 270.6067319999774 387.74673356288986 248.64063315886102 437.31262100001913 246.91005799998442 438.6763245981274 268.8760170121635 HTEL 0
493.3957249206287 248.31232978456904 535.392531124744 247.48747078149927 536.7759826156544 287.10463896464313 494.7791767144372 287.92949218237584 Ni-Net 0
443.97205699999176 265.689086999988 442.67047915061994 244.72150449731294 486.2129730000015 243.2012010000209 487.5146969301568 264.1686682043941 HTEL 0
325.03185399997164 240.82489300001768 324.22604756604414 227.84506257526303 343.5665860000154 227.16972199999765 344.3724293727428 240.14952326948742 HTEL 0
414.64072800001304 256.70726400002604 411.0466967865068 198.79612346901422 514.5544209999935 195.18284699998594 518.1493038918416 253.09331531938108 HTEL 0
325.29835499997716 219.8027859999938 324.2446361506154 202.82914898024018 349.6898340000189 201.94065500000815 350.743610119971 218.91424681662468 Steel 0
342.5322959999903 226.2052309999997 340.73485913882905 197.2501398134923 380.4964520000067 195.86181600001356 382.2940416436177 224.8167865969913 Ni-Net 0
352.86392762936885 178.21996001748627 391.86096219316823 177.45398778014592 393.5569088398188 226.01986094041027 354.55987453635316 226.78582820552387 Ni-Net 0
466.1902569999802 242.89980000001864 462.84381971810944 188.98292357831048 546.2557319999905 186.0709369999966 549.6027758594573 239.9873346598299 Ni-Net 0
285.55681346064375 170.5948412960191 322.5539964098425 169.86814485445578 323.9696848626045 210.40836640518876 286.97250210774655 211.13505913537708 Ni-Net 0
344.5658956906118 169.8250871651041 362.56452200206695 169.47155599995997 363.09760536489193 184.737078485499 345.0989790865424 185.0906090179418 HTEL 0