1 0.39933294375 0.6366318645833333 0.06741588749999998 0.0524303958333333
0 0.540557240625 0.6032024864583333 0.03423948125000003 0.03973830625
1 0.3414622234375 0.6229353531249999 0.03292444687500003 0.04587070624999991
2 0.48256736796875005 0.5994919260416667 0.10888473593750003 0.07815051875
2 0.27779360859375 0.6174343104166666 0.055587217187499996 0.06820195416666669
1 0.39532865703125003 0.5968405979166667 0.03128231406250004 0.043681195833333436
0 0.4241929484375 0.591688209375 0.032760896874999994 0.04170975208333327
0 0.30840225703125007 0.5980529520833334 0.035554514062500035 0.03360590416666677
1 0.54574298984375 0.5582572635416666 0.028985979687499965 0.024847860416666614
0 0.20152277968750001 0.586146925 0.05304555937500002 0.04312718333333336
1 0.4888699359375 0.5460241354166667 0.037114871874999976 0.033714937500000035
2 0.42710280390625005 0.5495321791666666 0.04795560781249995 0.032397691666666735
1 0.35380958203125 0.5359244343749999 0.0763691640625 0.04268220208333334
2 0.19435805468750003 0.5489511833333334 0.06371610937500005 0.07706903333333344
1 0.27252511875 0.5241404291666666 0.06692523750000001 0.03994752499999995
1 0.47699298984375 0.4853405958333333 0.028985979687499965 0.024847858333333347
1 0.27529517265625003 0.46360743854166664 0.15684034531250002 0.11054821041666667
0 0.47242172812500005 0.4367050791666667 0.03859345625000002 0.03174349166666666
2 0.43539952968750006 0.43734214791666665 0.058299059375 0.05801762916666663
2 0.4182087125000001 0.417468840625 0.05829242500000005 0.09743768124999998
2 0.20965069765625 0.43856020104166665 0.1255513953125 0.10628706875000002
2 0.5249139335937499 0.3965924114583333 0.05607786718750001 0.08068482291666665
1 0.44895190625000003 0.3664787072916667 0.026028812500000068 0.02879074791666666