349.86854299997503 182.05286800000655 344.52071230116417 169.98823040521467 363.2185860000027 165.32635200002164 368.5664306637045 177.39096912362467 HTEL 0
222.99129200000607 231.20735099999504 210.65006677679776 203.3655013854391 281.7137450000155 185.64779000001894 294.05511720506183 213.48942415700802 Ni-Net 0
275.1348472727841 192.32978726230624 295.0507654480316 189.53679441285894 300.15725241835753 210.0178714213324 280.24133708007867 212.810856531395 Steel 0
373.59306832229777 169.7340306932698 394.50476863625227 166.80135408763954 399.1529072078265 185.44407500578404 378.24120928751654 188.37674508160643 HTEL 0
342.0957449999696 200.48066299998732 336.7478762855171 188.41602000578192 359.3269709999731 182.78645799998012 364.6748583203589 194.85107371977043 Steel 0
262.28696500002115 223.47106700000614 258.1731720024982 214.1905677604827 281.21425199999067 208.44582800000518 285.32806145645736 217.72630311236745 HTEL 0
193.6222419999831 266.35644599999733 177.5784253943857 230.16225667865993 242.40503200002422 213.99959899997626 258.449049461924 250.19349388903274 HTEL 0
406.90875658532605 171.08185138801647 433.79523769290245 167.3112772565736 440.28981286333874 193.35970912528214 413.40333616790303 197.13027122029038 Steel 0
293.3312119999755 223.97577599997436 290.8629250742524 218.40749969347556 299.6420460000081 216.21862599998244 302.1103367605974 221.78689668500715 HTEL 0
281.443134000001 230.03164700000826 277.74070447019767 221.67921140112128 296.7311599999812 216.94439200001298 300.43360216426663 225.29680907789296 HTEL 0
310.7501038428745 211.1678124532875 331.6618262060365 208.2352010261115 337.03573867009254 229.7888778045128 316.124019742565 232.72147985918684 HTEL 0
349.8372460000246 231.53012600001554 344.48929811420385 219.46549907283548 366.09817500000645 214.0778430000052 371.44614358840045 226.14243957913607 HTEL 0
396.89789199997904 217.735360999976 392.7841083733074 208.45487490739185 411.9439959999727 203.6778099999844 416.05779298020934 212.95827651746913 Steel 0
259.71346779908345 233.8171294221587 293.5705721982231 229.06916952137243 300.9694308118196 258.7445722273751 267.11233496738714 263.49250879090914 Ni-Net 0
415.4498738906841 188.80412562571235 449.3069506128086 184.05604718259107 457.673465237458 217.61251446877003 423.8163964971318 222.3605711374281 Ni-Net 0
382.85736756326514 215.1582327966965 400.7816952541907 212.64456728149835 404.62758607834985 228.06964417444823 386.7032605057466 230.58330391073966 Steel 0
303.2192178584228 230.56585303484724 324.1309850068501 227.63328614585748 332.64986167087045 261.80086836558144 311.73810060361575 264.73341866496315 HTEL 0
344.9779429999762 245.10904900001987 339.6299660611112 233.0443879140558 369.00123799998255 225.72139200000697 374.34924467139354 237.7860095013276 Ni-Net 0
207.4300470000162 292.80156900000435 197.14527712632844 269.60030700780015 239.22353299996757 259.1092209999762 249.50839889410418 282.3103422360079 Ni-Net 0
324.3212279064028 249.06436401059827 335.27499708397954 247.52826630540315 339.1843199595314 263.20775266339746 328.2305523028481 264.74384621964305 HTEL 0
220.03345799996168 306.1490029999776 211.80552041136252 287.58808785473025 240.42270999998436 280.45311899998256 248.65070311410818 299.0139527499891 Steel 0
257.1301618288999 260.6580938390587 305.9243152299314 253.815611719254 317.3344780640764 299.57981034999585 268.540346287773 306.4222334769107 HTEL 0
422.8297893016861 226.670474630391 451.70793438453984 222.6207362698259 461.1565643113863 260.51742045086417 432.27842844491533 264.5671336688674 HTEL 0
240.26906703336863 300.5047115835412 255.20603757373465 298.4101095172547 258.4916158874694 311.587892536433 243.55464742962795 313.6824889213522 Steel 0
400.97405100001197 291.95385600001674 382.87317189773603 251.1192755636737 458.25018800002 232.32631100002357 476.35135468415683 273.1604698765037 HTEL 0
290.5504782906064 278.9598396739666 331.37826792386477 273.2345690244731 342.1006047802075 316.2400006974303 301.2728332113329 321.9652220668179 HTEL 0
268.39459642986185 314.1044777681643 283.33157407418184 312.0098984470904 286.6171576085617 325.1877045747782 271.68018213931646 327.2822779620533 Steel 0