395.47111774008954 310.1711119258913 387.32624500000384 336.1518420000005 340.5381509719882 327.9020455582851 348.68320399997174 301.9215129999968 HTEL 0
273.8353979468957 271.4615737054821 296.7888359699282 273.7379422313267 293.0130322268087 295.15163861752774 270.0595966149558 292.87527930067716 Steel 0
396.3012535334565 308.28700806949956 418.2567338759691 310.4643378649984 413.97314717156405 334.75784920704854 392.0176697984425 332.5805307525423 HTEL 0
364.70231607447204 276.31332678515537 352.33462500000314 315.765902999994 277.16475892106246 302.51190308374424 289.5328490000247 263.0597639999764 Ni-Net 0
431.00023078222875 307.2973897141076 466.92739404868917 310.8602750881818 460.54934008854616 347.03219448800064 424.6221841838269 343.4693372306996 Ni-Net 0
367.21848380431766 288.9429584930112 387.1780036849668 290.92238188678664 383.26805252669146 313.0968869447788 363.30853495288466 311.1174723617132 HTEL 0
348.0432740785909 282.51557152020473 369.9987419309764 284.69294842055547 366.0624558323616 307.0167967767498 344.10699048159586 304.8394294307847 Steel 0
444.18309966640663 308.6063450008048 439.054787999994 324.9644480000258 414.22785793896765 320.5868459284277 419.35622899996815 304.228808000018 Steel 0
296.5253621039301 256.16925985042815 292.6038400000107 268.678395999975 272.22836601518793 265.0856823170348 276.1499190000177 252.57658000001132 HTEL 0
517.5823865891289 316.4713642050267 510.94575399998575 337.64076500000505 474.6458017184341 331.24023004689013 481.28255000003264 310.0709559999824 Steel 0
337.47158168494934 257.2965861345748 332.3434460000135 273.6547080000166 306.5318916533579 269.1034842659415 311.66007899999386 252.74541899997791 HTEL 0
378.9957338901877 268.6800686485588 374.1692350000085 284.0760020000051 341.5920023387298 278.3318484855807 346.4185649999854 262.93598500001457 Ni-Net 0
436.1285112044425 271.64592351228106 429.4921169999725 292.81549300002416 378.42026320628065 283.8103775584581 385.05679699999746 262.64096099999284 HTEL 0
487.7669656711805 284.81324571130943 529.6819797206263 288.97001191758307 522.3566955586284 330.51398003050946 480.4416907855193 326.35724925355424 Ni-Net 0
484.6034215691907 278.1625719357974 478.26864199996635 298.36983000000515 433.2336201582075 290.4291222976451 439.56851999995706 270.2219960000193 HTEL 0
347.3832070872595 232.6432240178984 343.46173799996905 245.15236399999597 323.08631981948565 241.55965720350017 327.00781699997606 229.0505479999778 HTEL 0
527.0445206962177 237.91983635547786 509.5493559999886 293.73119800000035 401.6746779078676 274.7108096987221 419.1705599999841 218.9002339999907 HTEL 0
359.13000515552994 209.32880645066146 354.0020039999945 225.68693799998155 327.2057840041816 220.96208551843353 332.33382899998105 204.6040019999818 Steel 0
392.0632234707591 210.05855557642167 383.3155070000066 237.96368599997862 341.1959651606594 230.53698054991733 349.94380199997977 202.6319819999838 Ni-Net 0
364.88710728590377 186.9892155735779 403.80815484080813 190.84931562792337 394.959587767662 241.03227554733002 356.03854745073477 237.17220313722657 Ni-Net 0
559.435704513453 235.50833346455002 543.1469820000348 287.47024700000406 455.4804881045129 272.01280180081886 471.7697480000061 220.05147699998696 Ni-Net 0
300.64149032019486 165.50671265966807 337.56656128658506 169.1689086069634 330.13350517634535 211.3240101002358 293.2084392885008 207.66183354932105 Ni-Net 0
358.5715291860106 176.73676552255347 376.53506552858744 178.51837778959788 373.69335256589693 194.63454925448673 355.7298171542061 192.85294054266225 HTEL 0