1 0.5765378695312501 0.6194202677083334 0.031200739062500028 0.034673868750000024
2 0.40571315078125 0.5931121802083333 0.11455130156250003 0.09039102708333335
0 0.46239855 0.5927488447916666 0.03729710000000006 0.04799768958333329
1 0.620738253125 0.5971041135416667 0.03835150624999999 0.0442082270833333
0 0.5616652640625001 0.584492459375 0.03583052812499998 0.035651585416666735
1 0.43471688359375005 0.5692318385416667 0.03818376718750001 0.030130343750000083
1 0.34426781328125 0.5437892958333334 0.10416062656250001 0.10424525833333338
0 0.6762235429687501 0.5719503895833333 0.04932208593750005 0.06056744583333327
1 0.4695285531250001 0.5522555145833333 0.014057106250000029 0.0170110291666667
1 0.45807064296875 0.5467178520833333 0.03176628593749999 0.026769037499999964
1 0.5117298960937501 0.5376906385416668 0.03908479218749994 0.05038127708333337
1 0.5624561328125001 0.5176628395833334 0.034287265625 0.035325679166666644
0 0.63710872578125 0.5225837416666667 0.030467451562499994 0.028500816666666633
2 0.43588823828124995 0.505507203125 0.062401476562499975 0.06934773958333337
2 0.6888526796875001 0.52507179375 0.062080359375000074 0.07931025416666664
0 0.619619215625 0.5060287291666666 0.03298843125 0.037057458333333314
1 0.49300618359375004 0.48856558541666667 0.04226236718749998 0.07713117083333329
2 0.557691684375 0.4939664604166667 0.04663336874999997 0.03793292083333336
2 0.33885255000000003 0.46971350416666663 0.06833010000000002 0.06859367499999998
1 0.51277750859375 0.462166903125 0.022430017187499998 0.036833806250000004
0 0.34527555390625003 0.43017206875 0.0468011078125 0.05201080416666664
1 0.4353556421875 0.43066296249999997 0.089461284375 0.10715925833333333
1 0.68469251015625 0.4389520177083333 0.05688502031249998 0.08623736874999999
0 0.37018489140625 0.3951488541666667 0.02786978281249999 0.03196437499999997
1 0.659739046875 0.40592149375 0.12260309375 0.12017632083333331
1 0.47581316093750003 0.38355165937499996 0.07662632187499999 0.1004366520833333
0 0.40691326015625 0.35748590104166666 0.026326520312500004 0.031638468749999996