0 0.28957471015624997 0.4441092927083333 0.04164942031250001 0.05071858541666666
0 0.5436207765625 0.3701823604166667 0.02474155312499997 0.036198054166666674
2 0.33542993984375 0.4428773979166667 0.09273487968750001 0.06908812916666669
1 0.34914447265625004 0.4493243614583333 0.04516394531250004 0.03614872291666664
2 0.558147509375 0.396913709375 0.06629501874999999 0.07716075208333333
1 0.43884467578125 0.43720956875 0.037064351562499986 0.049419137499999974
0 0.52696673515625 0.40982966354166667 0.032058470312500024 0.03632599375000005
1 0.46994426562499997 0.43154773958333337 0.04613853125 0.04226214583333334
1 0.5485768710937501 0.43094354166666665 0.040903742187500036 0.036887083333333355
0 0.6341009085937501 0.4021829416666666 0.052576817187499986 0.04603254999999997
0 0.3957942953125 0.4868341677083333 0.06971359062499997 0.05283500208333329
0 0.57931372421875 0.42721866249999996 0.027377448437500007 0.025270658333333293
1 0.4535282984375 0.47938074375 0.06018159687500005 0.0754281541666667
2 0.64019583125 0.43628046770833334 0.06476666250000003 0.07672760208333335
1 0.4146799359375001 0.5192359833333333 0.08560987187500002 0.08847196666666667
1 0.33797437968750005 0.5632739166666667 0.107198759375 0.11404783333333342
1 0.5620967296875 0.52505516875 0.164818459375 0.1459436708333333
1 0.4789149703125 0.5541075885416668 0.06407994062500003 0.09988184375
2 0.39275141640625 0.5975289614583335 0.0667528328125 0.06172458958333339
0 0.4235491437500001 0.5985441999999999 0.08459828749999998 0.10958839999999992
2 0.3602093234375 0.6307441614583333 0.07666864687499997 0.0781549895833334
0 0.37403001953125004 0.6323500677083334 0.04493503906249999 0.04386680208333331
2 0.6392775578125001 0.5470502041666666 0.13480511562499994 0.13160040833333325
1 0.50000833515625 0.6203385489583333 0.07189167031250002 0.05734376458333325