262.43599766356056 175.35956373625174 280.4131730637164 176.780671005298 278.31240513638477 191.7284321688832 260.33523027908814 190.3073274915722 HTEL 0
419.34644165390637 183.2738245579602 411.30272599999444 215.4681409999776 339.52299649987253 205.3804409220332 347.5669419999758 173.1863510000044 Ni-Net 0
334.0136418523616 183.39948943497893 354.9870164334425 185.05743857674668 352.0258199185628 206.12748738881314 331.05244628488435 204.46954276968984 Steel 0
231.90897017339012 184.19702853940728 253.88107808139466 185.93392773147946 251.18976343430404 205.08366242958067 229.21765642771788 203.34676754097566 HTEL 0
292.5108743376768 194.73367193289548 289.0982919999806 208.391702999977 266.838471541123 205.26331539593033 270.2510849999817 191.60531499998788 Steel 0
374.946074604959 202.27986808361 372.2647529999813 213.01119500001025 348.3381423276296 209.6485652404921 351.01949099997 198.91726500000385 HTEL 0
456.9943363135826 201.69265600489663 447.0005459999811 241.69152199998277 382.3062130859762 232.59955455783583 392.3002909999923 192.60097199998003 HTEL 0
194.3108911071613 193.050549059878 222.2753965404263 195.26113349798766 218.55908870136773 221.70409852974097 190.5945849559066 219.4935221496349 Steel 0
335.2073140228458 210.83259392275482 343.19717131475045 211.46418724964605 342.1552486177825 218.8778561278866 334.16539146594005 218.24626346975074 HTEL 0
358.03906511231617 214.04134338184667 355.60148099997605 223.79708299997318 335.7405133158318 221.0058313583108 338.1781190000038 211.25011300001572 HTEL 0
302.9620349976176 210.3401262883712 324.9341485736659 212.07699932774534 321.8253130187077 234.19756455481777 299.8532006316964 232.4606971921056 HTEL 0
292.01846060204844 226.9789451543709 288.60582400004205 240.63697399998 267.33621585619403 237.64775380373857 270.74888700000884 223.98975900001162 HTEL 0
243.33679715622566 226.19616309349814 240.65543700002308 236.92747000000787 221.68013184869778 234.26068825863007 224.36151599998993 223.5294050000179 Steel 0
344.9868618634355 220.2856416453835 380.94123358197976 223.12777253893475 376.73969223069435 253.0233808087169 340.7853233118658 250.1812632816586 Ni-Net 0
183.60527408367489 211.74252418849858 218.56091801600996 214.50571712489258 213.67198120860849 249.29243220221173 178.71634036142495 246.52925399501083 Ni-Net 0
235.54886301099032 230.15082260563014 254.52477794198785 231.65083424932465 252.27636773990525 247.6491332165858 233.30045360715303 246.14912538386838 Steel 0
315.72844340713345 227.28174197694062 337.70057565510797 229.01858917108837 332.7825014125847 264.0126686135603 310.810371243424 262.2758313441672 HTEL 0
299.3999761926534 239.12440645388526 295.98733300001186 252.7824810000175 266.79555703485676 248.67990649410098 270.20824999999604 235.02188099999225 Ni-Net 0
447.7046427625464 242.8000600681019 441.1231630000111 269.14068099999804 398.6884895028925 263.1769972931313 405.27011400001356 236.83651900002516 Ni-Net 0
307.5761409513507 249.36204452186865 319.56093424487335 250.30940878721867 317.23259848593443 266.87641127555435 305.247805756444 265.9290497031946 HTEL 0
408.1499028870894 259.45745412156134 435.1156877027097 261.58900262020126 431.96452365256846 284.01075952585967 404.9987406450964 281.8792196602573 Steel 0
339.24862083360495 246.7445311926205 390.1840163352608 250.77078577720636 383.62875336344587 297.41416032104985 332.6933649760758 293.3879397021692 HTEL 0
189.20963331474923 250.90361433730268 220.170368907784 253.3509465279655 214.758597941036 291.8579030505305 183.79786590885487 289.4105878605045 HTEL 0
397.02678346817265 281.1202366417823 413.0065078888583 282.38336094043274 411.06182980453013 296.2204911426381 395.0821060863382 294.9573701978951 Steel 0
262.3304455643665 269.257828664856 250.87391200002457 315.1104779999822 174.6587003881723 304.3995597257466 186.11574700000347 258.5474159999803 HTEL 0
318.51721740938956 272.1060932382028 361.46276282146573 275.5007174722652 355.253554120427 319.6818025389309 312.30801488723955 316.28720780476385 HTEL 0
374.1596141791524 300.1226716189384 389.14060903538484 301.3068331279048 387.2043932233646 315.0837532547853 372.2233990657696 313.89959508171586 Steel 0