191 302 216 302 216 324 191 324 Steel 0
362 281 376 281 376 297 362 297 Steel 0
203 291 261 291 261 318 203 318 Ni-Net 0
224 291 252 291 252 306 224 306 HTEL 0
353 257 393 257 393 290 353 290 Ni-Net 0
284 272 305 272 305 293 284 293 HTEL 0
342 268 361 268 361 283 342 283 Steel 0
300 270 328 270 328 288 300 288 HTEL 0
348 253 373 253 373 268 348 268 HTEL 0
401 244 433 244 433 263 401 263 Steel 0
239 260 282 260 282 281 239 281 Steel 0
371 250.00000000000003 388 250.00000000000003 388 260 371 260 Steel 0
277 244.99999999999997 313 244.99999999999997 313 277 277 277 HTEL 0
396 220 434 220 434 253 396 253 Ni-Net 0
240 233 291 233 291 270 240 270 HTEL 0
181 225 245 225 245 273 181 273 HTEL 0
303 185 403 185 403 244 303 244 HTEL 0
280 199 316 199 316 243 280 243 HTEL 0
220 208 260 208 260 233 220 233 Ni-Net 0
232 191 282 191 282 238 232 238 Steel 0
190 198 236 198 236 231 190 231 Ni-Net 0
209 201 236 201 236 219 209 219 Steel 0
354 160 435 160 435 214 354 214 Ni-Net 0
277 175 321 175 321 198 277 198 HTEL 0