0 0.70692464140625 0.5784615291666667 0.0419742828125 0.052756391666666735
0 0.4467457765625 0.6243490270833334 0.02474155312499997 0.036198054166666674
2 0.65902987109375 0.577229634375 0.09305974218749996 0.07112593541666665
1 0.6485085820312501 0.56722650625 0.047017164062500075 0.03861967916666664
2 0.43547418671875004 0.5971302833333333 0.06782337343750004 0.07759389999999998
1 0.5560321757812501 0.56845956875 0.03706435156250008 0.049419137499999974
0 0.46679341250000006 0.5892129041666666 0.03358682500000008 0.03675914166666665
1 0.5247941968750001 0.5742333093750001 0.04646339375000004 0.04429995208333336
1 0.44637847968750005 0.5634290197916667 0.04275695937499995 0.03935803958333336
0 0.36082583906250004 0.5802851791666667 0.052901678124999976 0.048070358333333375
0 0.6037692265625001 0.5253530708333333 0.07003845312500001 0.054872808333333245
0 0.41525122421875005 0.562635328125 0.027377448437500007 0.025270656249999964
1 0.5464799757812501 0.527513984375 0.06170995156250001 0.07586130208333325
2 0.35582083125 0.546697134375 0.06476666250000003 0.07672760208333335
1 0.5859190453125 0.49130479479166667 0.08746309062500002 0.09094292291666667
1 0.66546348828125 0.4561760625 0.10905197656250004 0.11651879166666662
1 0.438984090625 0.46667630937499993 0.16546818124999998 0.15001928541666654
1 0.5249916484375 0.44807416250000004 0.06560829687499999 0.10031499166666666
2 0.61150141640625 0.41419562812499994 0.0667528328125 0.06172458958333333
0 0.58212582109375 0.41126077499999997 0.08612664218749995 0.11002155000000002
2 0.6494342539062501 0.388013065625 0.07699350781250001 0.0801927979166667
0 0.6334050195312501 0.3844334020833333 0.04493503906249999 0.04386680416666664
2 0.3652041671875 0.43370234999999996 0.13665833437499994 0.13407136666666664
1 0.509545765625 0.3796907864583333 0.07221653124999997 0.05938157291666671