245.42529054109764 268.1356209275201 264.42202126563643 268.69557516235926 263.5618810597225 285.1080760607122 244.56515046724235 284.54812350779247 HTEL 0
399.55025087059767 283.22178724445587 395.65115099998366 325.07586899999666 323.04690144155757 321.27120128801937 326.9465630000195 279.41757600002256 Ni-Net 0
315.96163413938484 278.84187985672867 338.9576787664555 279.5197120322672 337.778731254366 302.01545712540076 314.7826868573611 301.3376278797751 Steel 0
220.5076404283318 246.80229489471793 244.50351120867708 247.50961513906915 243.4280370095803 268.03094908871276 219.43216642335756 267.3236313163573 HTEL 0
281.6535313695931 258.01771445711597 280.1679829999921 273.96189700000104 256.5512695215875 272.72422988039193 258.03687899999204 256.78009700000354 Steel 0
361.57180451074964 279.2293814912939 360.2719359999901 293.18055199997616 336.7362341425178 291.947135903914 338.0361599999742 277.9960119999912 HTEL 0
376.61208950514265 268.0012232779911 441.60092285776045 269.91682693002497 438.9585926296422 320.3359086080706 373.9697607533162 318.42032375305223 HTEL 0
187.91496867488604 219.05850381355307 218.9096362637065 219.97213899803717 217.4070905384724 248.64254619273555 186.4124232679751 247.72891506083522 Steel 0
325.68200740039174 265.332089982325 334.6804584907659 265.5973332558853 334.250986571933 273.79215001685833 325.2525355119724 273.52690713094285 HTEL 0
348.24267391602916 264.51164650537015 347.12849800002004 276.4697760000123 327.6683546627464 275.44993727015736 328.7825690000318 263.4918390000193 HTEL 0
295.823543344668 242.73845486277543 319.8194141206477 243.44577682824274 318.5869320241909 266.96299808914284 294.5910614684544 266.25567892832197 HTEL 0
292.3159307462629 226.53260691354183 290.8303989999695 242.47677499998 268.21234166724025 241.29143816221384 269.6979250000004 225.3473119999742 HTEL 0
243.7325808593596 214.9741299319868 242.5255840000318 227.92875900001778 223.024959007671 226.90679332816242 224.23198999997112 213.95219200000446 Steel 0
339.0786239384033 238.99712373289356 377.0720886807976 240.11704801246094 375.35181182975066 272.9420362307953 337.35834757630073 271.8221181766745 Ni-Net 0
183.44093118146702 189.78423171057335 222.4342231835908 190.93366029437013 220.4510715710785 228.77462728213138 181.45778004196472 227.62520472053902 Ni-Net 0
238.5791538288322 207.69448893599898 258.5757104037475 208.28393822947925 257.6620358687069 225.71791002560715 237.6654794094793 225.12846220545634 Steel 0
313.1623435840447 217.61146169296867 339.1578760954144 218.37773468292679 337.24263844967936 254.92286130802515 311.24710628217144 254.15659269533708 HTEL 0
301.9602820324508 216.02291385726394 300.28908899999806 233.96013299999873 270.59961394697893 232.4042187990147 272.2708799999964 214.46705900001348 Ni-Net 0
445.1262487951317 246.55731557694781 442.15531199995894 278.4458040000266 397.9178297481121 276.1275181972518 400.88899199996376 244.23921300002388 Ni-Net 0
312.4777388068469 211.56734993535113 326.4753301109886 211.97996357390036 325.5688449767331 229.2767550582695 311.5712537543732 228.86414246047946 HTEL 0
411.6603221596597 229.78312885732075 440.6553329988674 230.63781585117934 439.364525091587 255.26798112060808 410.3695145177335 254.41329750444035 Steel 0
343.2739828859485 197.1593554365692 398.2645290274377 198.78033029719492 395.5818455776898 249.9693104886629 340.5913004001195 248.3483479007562 HTEL 0
202.45873665611725 151.72739072455872 237.45271541520196 152.7589490140191 235.31734840085846 193.50433121816175 200.32337001866836 192.47277772863384 HTEL 0
406.5059232731437 213.4910409490963 423.50299781828653 213.9920709626042 422.6975904385472 229.3601951013589 405.70051598202554 228.85916621582484 Steel 0
280.61837354660383 136.79700124871778 275.4195299999992 192.60188100000175 197.25522158289095 188.50562214105432 202.45449900001404 132.70109500000865 HTEL 0
331.75721048253763 168.51736057205707 379.74895639912575 169.93205381547205 377.2316657189367 217.9650753749245 329.2399204846879 216.55039081882023 HTEL 0
390.83762047572236 187.63559095506844 407.83469350579253 188.13662808781237 407.02928637074365 203.50474504040722 390.0322134189628 203.00370890393378 Steel 0