1 0.60540700390625 0.6312451635416667 0.07956400781249995 0.0833236604166667
0 0.46278707578125006 0.6064399333333332 0.044324151562500004 0.05454653333333326
1 0.6610335367187501 0.613386771875 0.04394207343750001 0.060106877083333406
2 0.5224592007812501 0.5990434208333333 0.12616840156249998 0.12725350833333332
2 0.7262347078125 0.6001288312499999 0.07121941562499999 0.09192432916666664
1 0.608334990625 0.5902799875 0.041669981249999925 0.05555997500000001
0 0.577843034375 0.58844865625 0.04318606874999995 0.05606397916666665
0 0.6952215734375001 0.5856684833333332 0.04356814687500004 0.0505036333333333
1 0.45454884765625003 0.5626881833333334 0.034097695312499975 0.03787636666666666
0 0.801380059375 0.5664107958333333 0.062135118750000023 0.06615492500000002
1 0.51141561484375 0.545326428125 0.0447062296875 0.048986189583333346
2 0.5753388765625 0.5447551062499999 0.053802753125000005 0.05201021249999987
1 0.6443787148437501 0.5242956083333333 0.08563242968750001 0.0777578833333333
2 0.8067279765625002 0.5275278 0.08220595312500018 0.10505560000000003
1 0.7261944078125 0.5080101447916667 0.074263815625 0.07018695625000007
1 0.5209318914062501 0.48585685208333335 0.03561378281250001 0.038380370833333365
1 0.7237451226562501 0.4492279208333334 0.1818652453125001 0.1817891750000001
0 0.52311115859375 0.43516176354166664 0.04622231718750003 0.04949019374999999
2 0.5627432875 0.4330792125 0.07236157500000005 0.08282509166666667
2 0.57722540234375 0.4132036520833334 0.08257580468749995 0.12224063750000003
2 0.7873267445312501 0.41830092395833335 0.1496534890625 0.16160184791666665
2 0.4703142601562501 0.4001951822916666 0.07500352031250009 0.10455703125
1 0.54479380703125 0.36445763124999997 0.0333376140625 0.04141526249999998