1 0.42421875000000003 0.61875 0.026562500000000003 0.029166666666666667
2 0.59296875 0.59375 0.1078125 0.06666666666666667
0 0.53671875 0.5927083333333333 0.0328125 0.03958333333333333
1 0.3796875 0.596875 0.034375 0.035416666666666666
0 0.43828125 0.5864583333333333 0.0328125 0.027083333333333334
1 0.56640625 0.5697916666666667 0.035937500000000004 0.022916666666666665
1 0.6570312500000001 0.54375 0.09531250000000001 0.08333333333333333
0 0.32343750000000004 0.571875 0.043750000000000004 0.052083333333333336
1 0.5296875 0.5510416666666667 0.0125 0.014583333333333334
1 0.54296875 0.546875 0.029687500000000002 0.01875
1 0.48750000000000004 0.5375 0.034375 0.041666666666666664
1 0.4375 0.5177083333333333 0.03125 0.027083333333333334
0 0.36250000000000004 0.5239583333333333 0.028125 0.022916666666666665
2 0.5632812500000001 0.5041666666666667 0.0546875 0.058333333333333334
2 0.31015625 0.5229166666666667 0.0546875 0.06666666666666667
0 0.38203125000000004 0.50625 0.029687500000000002 0.029166666666666667
1 0.50625 0.48854166666666665 0.034375 0.06875
2 0.4421875 0.49374999999999997 0.043750000000000004 0.029166666666666667
2 0.659375 0.46875 0.0625 0.05416666666666667
1 0.48750000000000004 0.46249999999999997 0.018750000000000003 0.03333333333333333
0 0.65546875 0.4302083333333333 0.0421875 0.04375
1 0.5640625 0.4322916666666667 0.078125 0.08958333333333333
1 0.31562500000000004 0.43854166666666666 0.046875 0.07708333333333334
0 0.6296875000000001 0.396875 0.025 0.027083333333333334
1 0.33984375 0.40625 0.11093750000000001 0.09583333333333333
1 0.5242187500000001 0.3833333333333333 0.0671875 0.0875
0 0.59296875 0.35520833333333335 0.0234375 0.027083333333333334