379.6529601748625 256.04240737414085 398.5731052101619 253.3891625865521 402.9283529303939 270.85717783978043 384.0082109053037 273.51041441560994 HTEL 0
261.9720149999921 337.9477059999859 244.69340731448028 298.9692209849153 320.7022929999948 280.01883100001726 337.98122696054634 318.9968377367117 Ni-Net 0
308.4722173136106 280.56944228541414 331.37557973539515 277.35768412901837 337.2843608266703 301.0566586947588 314.38100386192673 304.26840196419533 Steel 0
395.06324216265057 231.0447937552678 418.96236432439764 227.6932775888456 424.41278339778364 249.55381869677623 400.5136655764363 252.9053230226989 HTEL 0
365.580426000015 265.7376139999881 358.99822573861456 250.888858656246 384.0264770000067 244.64867899998777 390.60871106346895 259.4973847930002 Steel 0
290.615300999998 299.88772399998254 284.8557476270071 286.8950796855513 309.5451960000355 280.739380000016 315.3047825646354 293.7319756585489 HTEL 0
218.55584600001748 341.55827700002015 198.3974476507865 296.083597055303 269.7708949999651 278.2888629999867 289.9296518735355 323.7630173901203 HTEL 0
414.7927755313867 198.5693534970923 445.6624653003382 194.24024134834292 453.22672789989156 224.5790170482021 422.35704498139967 228.90811050854572 Steel 0
310.2938092428667 267.20763998711215 319.25598202353285 265.950845435769 321.4208604618034 274.6337168001964 312.4586884099699 275.8905093632063 HTEL 0
300.3286900000239 280.97608499999114 295.3919810757361 269.83953564608817 315.86124599998584 264.7360210000226 320.79797709295235 275.872537856679 HTEL 0
320.3556823261897 241.42654287757023 344.25481675818446 238.07505254639753 350.4310002191778 262.84651055885763 326.531870947656 266.19798681201917 HTEL 0
349.10626400000183 236.86544800002065 342.52416640141746 222.0166786793447 366.5820189999795 216.0184350000194 373.16414542961866 230.86716205714632 HTEL 0
393.74769200003357 213.36772700000932 388.3997894805361 201.30309596819149 409.03832600000896 196.1573650000059 414.3862466912833 208.22196939358477 Steel 0
263.2402834932145 247.96239969314524 301.08060499318526 242.65591546505982 309.79106992504967 277.591974223564 271.9507604349201 282.8984256885479 Ni-Net 0
405.63247184618376 170.0964997812613 444.46852680419397 164.6501313325785 454.4140470819548 204.5397003675689 415.5780021564715 209.98604144738212 Ni-Net 0
373.8448323275952 195.5451904913104 393.7607467939233 192.75220106555153 398.38339304602414 211.29268689588608 378.46748117655807 214.0856692373872 Steel 0
296.54939880463644 220.34892523787178 322.44015058895457 216.71810966182747 331.8122804849554 254.3079477028757 305.921536685928 257.93874149485873 HTEL 0
338.1963050000195 230.31008400002264 330.79148755961796 213.60517975015247 361.98028700004215 205.82902600002555 369.3851449347858 222.53387088914408 Ni-Net 0
207.42483000001812 301.0477780000223 194.2603123992012 271.3501660586505 241.4060459999746 259.5956729999753 254.57070348747948 289.2930798819724 Ni-Net 0
308.0177135368285 212.60949518213747 321.95886286892346 210.6544200550496 326.42851782286016 228.58128741934073 312.4873703967751 230.53635734673207 HTEL 0
199.19617077764997 251.51014015646163 228.07429865046288 247.4604515798913 234.6199082693056 273.7136223869493 205.7417872795486 277.76329218615433 Steel 0
234.21047584815824 210.06790210805343 288.97936993562325 202.38732795524743 302.47783758080914 256.52734251397084 247.70896740919852 264.2078514235085 HTEL 0
383.6856869703479 135.80911064395195 418.5385398717335 130.92127202418402 429.1078156745061 173.31256315353315 394.2549706681166 178.20038023547727 HTEL 0
213.09675711432646 232.85818481163784 230.02529733392294 230.48419213010325 234.08761584811145 246.77731569072822 217.15907791534846 249.15130213375863 Steel 0
354.7174139999697 184.96636299997888 331.68106842174893 132.99513013813862 414.9122630000056 112.243737999984 437.94883768940053 164.21463501159664 HTEL 0
247.02110418511438 178.77724072666516 294.81936385935114 172.07406715439416 307.4135676839069 222.58711455586544 259.61532476125285 229.29024242941475 HTEL 0
223.54374639158777 204.4881575445385 240.47227648770786 202.1141262487376 244.5345859457302 218.40721120522088 227.60605786585074 220.78123700047897 Steel 0