242.69721200995264 198.56199302376353 260.6329877064127 196.23292573956667 264.1793993891042 211.5941653696897 246.24362536822446 213.9232277313184 HTEL 0
329.2154719999962 199.89918900000006 316.5177908133046 168.96223797170694 389.02362200002244 152.22335399998215 401.72145543518127 183.1601001609382 Ni-Net 0
312.33577722778136 180.13012156514526 333.2608463787619 177.41285587310725 338.22313695091 198.90697412001865 317.2980703277426 201.62423238585995 Steel 0
217.27659140291507 217.37011664322006 239.19810573526775 214.52351195670883 243.73256918064726 234.1645031156746 221.81105773095624 237.01109933347942 HTEL 0
259.3615979999595 226.28926699998402 253.9745524484897 213.16466202342468 276.67405499996676 207.92411499999102 282.0611254864343 221.0486864233462 Steel 0
336.7109160000109 201.2476409999898 332.4782838858664 190.93542890203005 356.64696599997114 185.355695999987 360.8796166867978 195.66788310604244 HTEL 0
379.73483800000395 209.78825999997505 363.9588937543158 171.35160421803073 429.9484179999854 156.11707300001535 445.7245411401527 194.55348805879967 HTEL 0
185.21620309329592 238.53611636205545 213.11633806028112 234.91322244734218 219.35782436077716 261.9482323872622 191.45769499111339 265.57110985788546 Steel 0
323.56809669356153 206.55559688151894 331.5395503426407 205.52045782564883 333.2906978347455 213.105519236202 325.3192445619061 214.14065718674496 HTEL 0
328.917208999992 216.3889139999957 325.06932992560905 207.0141906011062 345.18072899998515 202.37114299999348 349.02862329276104 211.74584592055896 HTEL 0
292.97919345910486 216.31365744138506 314.900712621602 213.46705432219298 320.110023813686 236.03115944935394 298.1885079687345 238.8777528220158 HTEL 0
271.4318820000335 256.34435399999893 266.04474766405474 243.21976676038122 287.76996900000086 238.20415200001796 293.1571305167017 251.32870266449538 HTEL 0
227.2857120000117 269.61521299999316 223.0529224388738 259.30304430993414 242.34991199999058 254.84802300001752 246.58272167784162 265.16016462050436 Steel 0
335.4680505047145 209.20040566414934 371.33963149601186 204.5423214817018 378.4324451177963 235.2648683505274 342.5608713893598 239.92293119578508 Ni-Net 0
181.76581370382337 259.1541097035426 216.64101977956307 254.62557045853168 224.83653984803823 290.1245738489212 189.96134385488403 294.6530834724956 Ni-Net 0
237.20926075118768 259.2538752098463 256.1414915866044 256.7955072357673 259.93493299807596 273.2267703296454 241.00270461865875 275.6851310883173 Steel 0
310.96900497970637 227.55490810346018 332.89056125460775 224.70833508474382 341.02421402225445 259.93929653287273 319.1026633297588 262.7858531512564 HTEL 0
274.8807140000281 266.83747299999106 269.49355895034387 253.7128460534814 299.0137610000238 246.89766300000846 304.4009544159053 260.022238320078 Ni-Net 0
404.5464979999815 232.79655200001864 394.15726121515036 207.48471474822156 437.44762200003606 197.49051800001857 447.83694966688927 222.80223295896664 Ni-Net 0
311.4916434841871 252.04577789357356 323.4488460339344 250.49311704781707 327.3127986310283 267.22979789868407 315.3555976221105 268.78245421773335 HTEL 0
408.6722948237002 223.99485519432443 435.5759795882477 220.50131380712273 440.8956009787653 243.5432401193459 413.9919205116166 247.03676888136172 Steel 0
339.26203898954554 234.52475009581198 390.08019237953704 227.92594027749283 401.1031160534185 275.67199519229143 350.2849810180487 282.2707510871763 HTEL 0
201.12024956397363 294.0878546168675 232.00977093729307 290.0769737115298 241.0168511538359 329.09131860928557 210.1273409154237 333.1021668016741 HTEL 0
406.29388150948216 249.25611725308633 422.2368091879616 247.1858975472213 425.5141599288618 261.3817131121022 409.5712339639431 263.45192778379527 Steel 0
212.22777999995742 351.09072199999036 194.1419212456094 307.0290535477289 271.8097249999846 289.0988530000117 289.89600605214946 333.15995321094067 HTEL 0
329.17284693081456 266.39566387001565 372.01956649041676 260.83207978281484 382.4161199753871 305.86500425664383 339.56941678719886 311.428540246791 HTEL 0
391.7774577984528 275.28680718245755 406.7239607454394 273.3460106047138 409.9792575311585 287.44629845267553 395.03275634262536 289.3870898644549 Steel 0