1 0.6218750000000001 0.6052083333333333 0.06875 0.05625
0 0.47734375 0.6145833333333334 0.035937500000000004 0.041666666666666664
1 0.675 0.5739583333333333 0.034375 0.04791666666666666
2 0.53515625 0.5927083333333333 0.11093750000000001 0.08541666666666667
2 0.7359375 0.5479166666666666 0.05625 0.07083333333333333
1 0.61875 0.5635416666666666 0.03125 0.04375
0 0.5890625 0.5677083333333334 0.034375 0.04375
0 0.7039062500000001 0.5385416666666667 0.035937500000000004 0.035416666666666666
1 0.46484375 0.571875 0.029687500000000002 0.027083333333333334
0 0.8046875 0.49583333333333335 0.053125000000000006 0.04583333333333333
1 0.51875 0.540625 0.037500000000000006 0.035416666666666666
2 0.5789062500000001 0.5270833333333333 0.0484375 0.03333333333333333
1 0.64765625 0.49166666666666664 0.0765625 0.04583333333333333
2 0.80625 0.45729166666666665 0.065625 0.08125
1 0.72578125 0.45729166666666665 0.0671875 0.04375
1 0.51953125 0.4822916666666667 0.029687500000000002 0.027083333333333334
1 0.7140625 0.39791666666666664 0.15937500000000002 0.12083333333333333
0 0.5164062500000001 0.4322916666666667 0.0390625 0.035416666666666666
2 0.55234375 0.421875 0.060937500000000006 0.06041666666666667
2 0.56640625 0.3958333333333333 0.060937500000000006 0.1
2 0.7734375 0.3541666666666667 0.12812500000000002 0.1125
2 0.45859375 0.4083333333333333 0.0578125 0.08333333333333333
1 0.5265625 0.3572916666666667 0.028125 0.03125