172 255 199 255 199 279 172 279 Steel 0
340 295 356 295 356 312 340 312 Steel 0
186 252 245 252 245 285 186 285 Ni-Net 0
208 256 237 256 237 274 208 274 HTEL 0
336 272 378 272 378 308 336 308 Ni-Net 0
270 259 293 259 293 282 270 282 HTEL 0
327 276 348 276 348 293 327 293 Steel 0
286 264 315 264 315 284 286 284 HTEL 0
337 265 363 265 363 283 337 283 HTEL 0
389 276 422 276 422 298 389 298 Steel 0
231 234 275 234 275 260 231 260 Steel 0
362 269 380 269 380 281 362 281 Steel 0
270 233 308 233 308 269 270 269 HTEL 0
390 253 431 253 431 289 390 289 Ni-Net 0
238 210 292 210 292 252 238 252 HTEL 0
182 183 250 183 250 237 182 237 HTEL 0
308 193 412 193 412 263 308 263 HTEL 0
286 191 326 191 326 238 286 238 HTEL 0
231 179 273 179 273 208 231 208 Ni-Net 0
244 167 298 167 298 219 244 219 Steel 0
206 159 254 159 254 196 206 196 Ni-Net 0
226 167 254 167 254 188 226 188 Steel 0
366 185 451 185 451 248.00000000000003 366 248.00000000000003 Ni-Net 0
297 168 342 168 342 196 297 196 HTEL 0