358.53417150254245 174.634079790878 375.5289436165185 173.96563993641792 376.47195760750037 187.4513942806893 359.47718560666544 188.11983305480229 HTEL 0
225.99190000000817 214.49554600000056 222.28574094617215 184.68099844751185 291.7335610000009 179.82518400000976 295.43996230910125 209.63952827701087 Ni-Net 0
284.1987772804714 186.75744854318876 304.1926287611568 185.9710548520659 305.5605650560756 205.5335094328475 285.56671378457395 206.31990112646926 Steel 0
385.09013106522616 181.67673887098474 406.0836739973456 180.85102288210967 407.3142262401234 198.44878393770355 386.3206834994344 199.2744980983506 HTEL 0
348.6225220000051 204.9179360000157 347.01641470586765 191.998456156529 368.66453299997374 190.48471700001087 370.27067310657003 203.40416931048287 Steel 0
266.03397500002757 213.70041500002097 264.7985041168431 203.76234021611893 287.282819999964 202.1901320000042 288.5183184569905 212.12818364675803 HTEL 0
190.96545499996864 244.01076499999715 186.14739246790123 205.2520089306049 248.09879599997657 200.920377999978 252.91717552710907 239.67886808160992 HTEL 0
417.69697572461155 189.23754484616566 444.68867621792015 188.17591675543787 446.420290863025 212.93925461587344 419.42859073613363 214.00087920703476 Steel 0
296.51894800001173 219.58823299998167 295.7776487384399 213.6254101645699 304.08092199999373 213.04479699999004 304.8222276171873 219.00761450241313 HTEL 0
283.75988500003587 223.48776000001453 282.64794943257584 214.54350326992534 301.08823000002303 213.2540670000035 302.2001869408268 222.19830579577177 HTEL 0
316.0069951236801 211.56853522056397 337.0005407041026 210.74283381498307 338.44036129630695 231.33330224502916 317.4468159769458 232.15900115823058 HTEL 0
350.8547289999842 236.83998500000112 349.24859840612044 223.92050392488372 369.89917600003537 222.47652299998524 371.50534295404213 235.39597356546074 HTEL 0
399.59585500000685 231.42679000001158 398.3603670710727 221.48872894515114 416.8544429999747 220.1955329999833 418.0899555578799 230.13357338878004 Steel 0
261.8806233781652 225.982644591011 295.87017662743165 224.64580962134445 297.82595867967757 252.61493126603952 263.8364060506865 253.95176031265143 Ni-Net 0
423.0674612810253 208.69672394147065 457.05701550374215 207.3598765475441 459.29182078420126 239.31924232617774 425.302267224979 240.65608338446077 Ni-Net 0
386.31018479580234 227.79549004728153 404.3046515266178 227.08775090062522 405.31955147009285 241.60152753161063 387.3250849064061 242.30926508234256 Steel 0
305.2220854053303 229.36418823828475 326.21564030450827 228.53849947672455 328.5622883695032 262.09731622012816 307.5687339423894 262.92300047423157 HTEL 0
343.71129400002246 249.36880599997411 342.1051730322506 236.4492820925295 370.7362540000031 234.44729199999333 372.3424280686595 247.36677135087942 Ni-Net 0
199.9713409999822 272.45182700001965 196.882691097926 247.60655190878714 237.1324270000332 244.79222300001655 240.22123037888377 269.63736931117336 Ni-Net 0
322.73903611720016 250.49887044798413 333.73565687834343 250.066369886794 334.80541400640504 265.3646526722594 323.80879336356884 265.79715210369255 HTEL 0
208.6150516505586 267.04235301693296 234.60706409539853 266.02009372094 236.05752799390757 286.7627887893018 210.0655159560847 287.7850441983738 Steel 0
254.75404265926045 253.08806679973773 303.73900209757267 251.16149997358855 306.7730448799557 294.5507071903744 257.7880870284571 296.47725886412917 HTEL 0
423.7337191688857 246.8958267315797 452.724819514915 245.75560531113717 455.29776108473015 282.5506365410941 426.3066615086427 283.690850609273 HTEL 0
231.05219536191726 286.8611330111916 246.04758630339347 286.2713749094096 246.91658887524682 298.69873339415534 231.92119808249117 299.28849007541373 Steel 0
390.7221800000116 305.2255559999918 385.28645080019487 261.4974817323112 457.48237899999367 256.44978499999326 462.9186343420588 300.1774177955745 HTEL 0
284.44677439532825 276.317469329988 325.4341940343147 274.70547101542206 328.31169879835215 315.8560655322722 287.3242805209884 317.46805084474306 HTEL 0
256.38886077802454 305.13825003484834 271.3842524470965 304.54849990375993 272.2532564739231 316.97586745821883 257.2578649628849 317.56561608011833 Steel 0