1 0.41793945546875 0.6585010385416666 0.07337891093750004 0.06700207708333335
0 0.554114021875 0.5944311645833333 0.03947804374999997 0.04719566250000007
1 0.3598742265625 0.6599059239583334 0.03849845312499998 0.05314518124999997
2 0.494896421875 0.6034865791666667 0.11791784375000001 0.10280649166666672
2 0.29677751484375003 0.666806109375 0.06230502968750003 0.07944555208333325
1 0.4081329531250001 0.620084225 0.03501590625000004 0.048501783333333395
0 0.43780880625 0.6099214520833333 0.03811761249999997 0.04900957083333329
0 0.32414089062500007 0.6434127916666667 0.03890678125 0.04099225000000004
1 0.55347084296875 0.5471027260416667 0.0319416859375 0.03170545208333332
0 0.21908413671875004 0.656228721875 0.05691827343750005 0.0541241104166667
1 0.49522881796875 0.5477064052083332 0.04045763593749996 0.04124614374999993
2 0.43493659375000004 0.5663111333333333 0.0511231875 0.04095559999999997
1 0.36040303671875 0.568549596875 0.08018107343749997 0.05793252708333334
2 0.2050311265625 0.6206539708333333 0.072562253125 0.09130794166666666
1 0.27909276640625 0.577170678125 0.07068553281250001 0.05434135624999996
1 0.47690834296875 0.492936059375 0.0319416859375 0.03170545208333332
1 0.2736782265625 0.5187482802083333 0.16923145312500001 0.14582989375000005
0 0.46631674375000004 0.4457500197916667 0.04200848749999997 0.04150003958333333
2 0.42831524296875 0.45368410625 0.06600548593750002 0.06986821249999994
2 0.40824924140625 0.4399949166666667 0.06962348281250001 0.10915649999999998
2 0.20622635078125004 0.5079070614583333 0.13745270156250006 0.1324807895833333
2 0.5121867046875 0.39396980416666666 0.06499840937499997 0.09210627500000002
1 0.43257333671875 0.3823769166666667 0.030771673437500004 0.03558716666666666