238.2571864745114 206.54089796836448 257.20027910356293 204.27614467250916 260.8851347073505 221.6120831859036 241.94204384621116 223.87683085527598 HTEL 0
320.694771999988 199.98103799997435 305.6753966258111 160.2347556898242 381.4109610000014 144.13710899999032 396.43055040520267 183.88312440908012 Ni-Net 0
304.92739560315385 178.70842735813744 327.8585050725087 175.9668487197458 332.86624391534133 199.52649797156167 309.93513701519987 202.2680684328607 Steel 0
216.0576447503263 227.15335419741683 239.9857758240978 224.2926516299534 244.59656262260978 245.9847947379277 220.66843463660916 248.84548747808873 HTEL 0
256.17476300001726 233.11966099999646 250.45289161505934 217.97837473849987 275.345570999998 212.6873300000046 281.0674771025515 227.82857296757803 Steel 0
331.8702189999749 199.65030499998153 326.86365745008516 186.40166537715146 351.45684999995865 181.1742689999751 356.4634371876309 194.42287665169746 HTEL 0
371.5347689999908 203.4874320000087 354.01214850207907 157.11689634724465 424.92668999999296 142.04393999999547 442.4495452648989 188.41418289295012 HTEL 0
186.41102456807857 251.2079259453209 217.3182230029488 247.51292097847698 223.7242981068266 277.6513399899199 192.81710586568806 281.3463252439301 Steel 0
319.81623715691967 205.4673233610654 328.7892777311208 204.39454179303087 330.6222794230416 213.0181479363156 321.6492392559303 214.0909282085139 HTEL 0
324.99950700002955 215.42348799999428 320.7081305795873 204.06752552778858 341.08937199998763 199.73539499999404 345.38076827389887 211.09133271422198 HTEL 0
290.45827708177967 216.45073047844957 314.3864077750186 213.59001227714467 319.62092259025667 238.21658540100196 295.6927952656406 241.07729288111148 HTEL 0
272.6094130000274 262.3412670000214 266.88744829953066 247.19999920890402 290.8020730000135 242.116848999983 296.524075441921 257.25806972638037 HTEL 0
229.4858280000335 280.70853399998487 224.8366672366683 268.40626811466126 245.36778000001505 264.04229200002356 250.0169691924384 276.34452243348494 Steel 0
331.6308987527009 203.33409055572045 369.5171083572495 198.8046004577496 376.8868009973812 233.47650937701977 339.00059860709007 238.00597651405096 Ni-Net 0
184.54949842962378 271.3085144737797 223.43278939966694 266.6600455078161 231.86091396964912 306.3116448630162 192.97763419635885 310.960078193032 Ni-Net 0
240.72362499995506 266.24191706782386 260.6637472415605 263.8580578192035 264.5753853761562 282.26095304107685 244.6352656652016 284.6448042355328 Steel 0
308.77377151235123 225.66259785458686 334.6959488748689 222.56351631997438 342.6710062760685 260.08348328952815 316.7488348534971 263.1825459191677 HTEL 0
276.85273600000073 272.6850669999809 270.4155089359847 255.65110572054834 301.47660599999654 249.04897200001676 307.9138901002443 266.08286215391314 Ni-Net 0
399.22995599998103 223.15915300002544 387.7863989324396 192.87646454189772 434.63712900003884 182.91822700001097 446.08080510683067 213.2007670131537 Ni-Net 0
313.2196965126059 251.38878302482232 327.1777795840171 249.72006349555303 330.9762706221227 267.5906248251071 317.0181891784159 269.259339174192 HTEL 0
406.59338066012424 209.7039783281391 435.50653467966185 206.24726569075395 441.04324016218015 232.2955526767384 412.1300903280644 235.75225199320704 Steel 0
338.25648816418834 224.88552322834778 393.09187250066316 218.3298111156056 404.5244980822463 272.1167053272436 349.68913217584486 278.6723587821942 HTEL 0
208.73823752721364 303.342096739679 243.63354730936408 299.1705043670522 252.60998133162502 341.4017827163681 217.71468349499628 345.5733370698706 HTEL 0
406.1485618138977 236.46969209757026 423.09765311540104 234.4433686711107 426.53689147366094 250.62376377357796 409.5878018515941 252.65008185461093 Steel 0
220.6869259999803 364.3660460000132 200.6595612240926 311.370941660724 283.3830879999732 293.7884919999956 303.4110489435261 346.78285292311926 HTEL 0
332.117805497619 258.5318428992038 379.97417963459156 252.81062045858818 390.6510977855214 303.04217530710156 342.7947406212479 308.7633437287178 HTEL 0
394.71783785331354 264.45784109986323 411.666938596245 262.4315564941046 415.1061829043465 278.6119933062416 398.15708403395547 280.6382719523443 Steel 0