1 0.63306301328125 0.5721463593749999 0.07550102656250007 0.07345938541666672
0 0.49404715859375004 0.61850868125 0.041219317187500076 0.04951736249999996
1 0.68105736328125 0.5298167739583333 0.040239726562499994 0.05546688124999998
2 0.547615190625 0.5806658020833333 0.12023038124999995 0.11133160416666664
2 0.73758128984375 0.485794475 0.06578757968750004 0.08408895
1 0.6254040164062501 0.5317886875000001 0.038308032812499976 0.051077375000000085
0 0.59649194296875 0.5444156354166666 0.03985888593749998 0.0513312708333333
0 0.70479423828125 0.487274209375 0.040838476562499976 0.04538175208333334
1 0.47544105390624997 0.579386628125 0.0321321078125 0.033773256249999994
0 0.7981749843750001 0.41675680625 0.058849968750000065 0.0585136125
1 0.52266195390625 0.5363672541666666 0.04219890781249998 0.043567841666666614
2 0.58200201484375 0.5058789375 0.05150402968750001 0.04509120833333332
1 0.64280930390625 0.45406215312500003 0.0824936078125 0.06645763958333338
2 0.7942724015625 0.37922566979166666 0.07604480312500002 0.09595133958333335
1 0.7137533968750001 0.3990223854166667 0.07125679375000003 0.06054477083333332
1 0.5152789796875 0.47743024166666664 0.03368295937500001 0.034027150000000006
1 0.6945503421875 0.34603892187499996 0.17347568437499997 0.15874451041666665
0 0.5046873820312501 0.42816086875000003 0.043749764062499974 0.043821737500000006
2 0.5402185906250001 0.40796219270833334 0.06793718125000003 0.07425771875000002
2 0.54826594140625 0.3820268947916666 0.07465688281249996 0.11405378958333336
2 0.74575325625 0.28624713437500005 0.1415065125 0.14332760208333337
2 0.44517797890625 0.4212915020833333 0.06848095781249999 0.09674967083333333
1 0.504543546875 0.3521608197916667 0.03096209375000001 0.03765497291666667