342.3763930000132 176.72048500001102 333.9160288426501 146.6738881568729 381.9728999999643 139.06259599999302 390.433375621069 169.10907731576805 HTEL 0
266.5371417734423 190.10918099808316 290.49822858170955 187.9745757900565 294.1963285241218 211.32354931720465 270.2352432852058 213.45814786544992 Steel 0
386.4599695167999 141.823014518497 409.4226700737636 139.7773059243665 413.4229434860754 165.03411746964744 390.4602441726456 167.0798207864128 HTEL 0
285.3143650000129 219.1695719999854 272.7603061345144 174.58402106380262 349.23194000002695 162.47262599997714 361.78631695387594 207.0578472546283 Ni-Net 0
417.64187037799275 127.7468182559611 455.5802505927568 124.36694354180092 461.77449822891504 163.47606387795685 423.83612103345513 166.85592577878265 Ni-Net 0
357.680449935433 164.67477833995028 379.64477652159985 162.71803279539745 383.47792799031595 186.91968482524058 361.5136027101835 188.87642482760214 HTEL 0
339.84228720779356 173.5056644835001 362.8049924656807 171.4599838894663 366.4924009722017 194.74144703751833 343.5296970899799 196.78712179376782 Steel 0
410.05563607395743 150.1662208687058 434.01671141597035 148.03157325023741 437.24550648898 168.417437509822 413.284432234359 170.55208051364812 Steel 0
275.02645000000484 230.92366900000727 271.2054917003843 217.35429668928057 291.6024460000335 214.1237770000233 295.4234344106226 227.6931181021338 HTEL 0
475.3523690000293 159.70901999999987 468.52949386506225 135.47793532918158 506.0105990000011 129.5416049999907 512.833538352279 153.77262311204842 Steel 0
309.07715699999244 228.56796200000232 303.89160177030135 210.15236642865827 330.7971109999926 205.89102200002327 335.9827188520285 224.3065630308534 HTEL 0
343.5388960000273 216.0225030000114 338.35338938602945 197.60686612586633 372.1726679999847 192.25052099999223 377.3582367719064 210.66609345044176 Ni-Net 0
381.69679099999485 214.0287460000136 374.6009148222947 188.82828891135586 427.0139119999658 180.52712600000083 434.10991557248053 205.7274510504518 HTEL 0
474.34376938857895 140.55604097832023 519.270808584115 136.55358356261922 526.3220482201723 181.07361219794757 481.39501351986837 185.07605053722594 Ni-Net 0
436.38160000002244 201.3176629999757 429.83156852642423 178.05575374713885 475.09777100000065 170.8864609999931 481.6478982802073 194.14827095382785 HTEL 0
326.8156550000276 251.07008800001756 322.9946568477317 237.5007152502938 344.37934000001405 234.11376199998074 348.2003725685354 247.6830990790196 HTEL 0
416.54804999998305 255.08224500001543 398.53590209022514 191.11113554183083 508.942962000001 173.62562999999358 526.9558500997664 237.59597230074422 HTEL 0
333.68958200000634 275.29299299998627 328.7768262652389 257.8466352620829 356.55365799997526 253.44730700001617 361.46647637113347 270.8935998189713 Steel 0
345.5160775948025 241.29081448444583 385.4512563459866 237.73326258401696 390.8847344786045 272.03914330132613 350.94956064138387 275.59667434809495 Ni-Net 0
356.20283456861216 238.44733360677324 398.1348175241874 234.7119223812739 406.40545452173683 286.931223712101 364.4734796042758 290.66660082556837 Ni-Net 0
469.52126999996835 250.7419720000031 453.14641538359865 192.58674028064897 544.088711000004 178.18374200001918 560.4641201605409 236.338398968698 Ni-Net 0
295.778887377528 272.4550094999258 335.71411036115023 268.897552732175 342.71191818013904 313.08042646225476 302.77670241535816 316.6378525951528 Ni-Net 0
359.3917553088977 284.1512408486556 377.3625855236605 282.5503810625399 380.0579575107986 299.56836217154193 362.0871285432804 301.16921666424645 HTEL 0