394.81721421238035 306.1827314234909 389.4732539999677 334.78115399997665 343.4014233902417 329.9389797779423 348.7456160000147 301.34076699998576 HTEL 0
273.36799632503244 272.3025854871817 296.3518913959706 273.66127213369816 294.0469184264657 295.59170137989605 271.0630242368643 294.23302034393515 Steel 0
396.4826532964071 306.3581312490507 419.4665562512819 307.71677951875563 416.8479969166219 332.6308125861992 393.8640950883564 331.2721714881621 HTEL 0
362.4560600469704 271.6102146764785 354.3483980000019 315.00124999998707 279.2338889520033 307.10680117860755 287.34207399997103 263.71623799999173 Ni-Net 0
429.8245019991009 304.8349602856761 467.7979154888453 307.0796723582094 463.8533606134297 344.6098332776163 425.87994997338683 342.36513934599475 Ni-Net 0
366.22588297097536 288.0953934071431 387.2111818529811 289.3359181522685 384.81123475568893 312.1699724584686 363.82593675931275 310.92945335108817 HTEL 0
347.85260918004496 281.1367414194983 370.8365064585814 282.4954185929599 368.427004595942 305.42037944902523 345.44310826895526 304.0617083332658 Steel 0
444.397883839556 304.35555714888574 441.08086100000946 322.1061819999916 415.7767464708013 319.4466597155963 419.09384699996735 301.69610500000795 Steel 0
295.36640411832195 255.5099963012131 292.7865629999724 269.3160169999977 272.7741648368101 267.21265454713557 275.3540459999931 253.40667000002676 HTEL 0
517.5809684301203 311.04177908782265 513.1583159999718 334.70936999997474 476.43592688073113 330.8498002651212 480.858733999994 307.1823489999756 Steel 0
336.9834061106667 254.8565374733889 333.66649000003235 272.60716199999246 307.3679709746648 269.8431202147087 310.68495500003337 252.09255699999687 HTEL 0
378.0216272425605 266.20833862900963 374.70471100001305 283.9590109999877 342.4390399265394 280.5678289822772 345.7560430000012 262.8172349999765 Ni-Net 0
434.9001438332198 266.15324725873313 430.2934079999977 290.80712699998327 378.57359317444207 285.37135970812903 383.18052399998123 260.71765600002414 HTEL 0
486.5600038231787 281.6383619205663 530.529214925773 284.23754536305626 526.0333612804243 327.0130155535201 482.0641537024494 324.4138545484862 Ni-Net 0
483.26322539913235 273.2475103747722 479.0249809999659 295.9290220000099 434.42629127202963 291.2416626908132 438.66469399996276 268.56029400002296 HTEL 0
346.23927201042534 230.69170243080185 343.6594689999765 244.49772700002126 322.65258895480656 242.2898412319962 325.23242999996 228.48385100001101 HTEL 0
523.3986042864854 228.19485898971186 511.79043700001785 290.3232360000015 404.3308687561512 279.02945435051225 415.93997500000114 216.90192500001828 HTEL 0
358.1220981747174 206.80290226204082 354.8052640000242 224.55352299999913 327.5123152670858 221.68495777497978 330.82920699998795 203.93438900000015 Steel 0
348.0496493350802 202.72780613305127 388.02162915882946 205.0908401778461 384.59016718770727 237.73912560226708 344.61818913390744 235.37610282449938 Ni-Net 0
360.8708826678776 185.97622397037085 401.8421787843545 188.39834193359846 396.52444743798696 238.99346762205292 355.5531540339871 236.57136692620733 Ni-Net 0
557.4410643750161 225.74025387593412 546.7539950000355 282.93746299999447 458.5890383298829 273.6713797233633 469.27680599997984 216.47480099998515 Ni-Net 0
296.69584856594156 165.15403967373737 335.66853255513706 167.45803682432077 331.09204648768355 211.0005710338376 292.1193644639425 208.69658639520762 Ni-Net 0
355.8445391134592 176.3983578293499 373.83192436464014 177.46174371110865 372.1780111730186 193.19769912846675 354.1906262439443 192.13431529727862 HTEL 0