1 0.6342951421 0.3841471029 0.02284027781 0.05762520191
0 0.7503251036 0.4318918516 0.01687234228 0.02057995147
0 0.7351892665 0.5157175049 0.01962680603 0.03770169633
2 0.647000627 0.5008718896 0.05543598782 0.09069157127
2 0.6600959085 0.3257093608 0.05196662387 0.04960722314
2 0.6680973819 0.3000568518 0.02373045126 0.0423796294
1 0.6945532076 0.2624699079 0.05108559277 0.0716987668
1 0.7301037493 0.3181045331 0.01486394583 0.05075934791
1 0.6781597267 0.4357571165 0.05205181396 0.1133992271
1 0.748335823 0.3873879264 0.02007500946 0.03241276387
1 0.6823373418 0.3757095041 0.05058876865 0.04057957995
1 0.7511015069 0.3618779418 0.02370801094 0.02557588202
1 0.7368044541 0.2437488663 0.01391351597 0.02088374692
1 0.7353967926 0.4455465846 0.01710911862 0.02742649071
1 0.7066456048 0.3269146652 0.0380896773 0.05610736082
0 0.6238138442 0.3064811506 0.01527391761 0.01684180882
0 0.7300118634 0.4721391681 0.0132339385 0.02337148674
0 0.7728842337 0.2439944974 0.02280329285 0.02993013679
0 0.6801294759 0.4948865255 0.009576418893 0.01184871868
0 0.77112868 0.4506146615 0.015269762 0.01373000375
0 0.7626424805 0.4130961074 0.01320983594 0.005323017333
