1 0.3500438378 0.4208840442 0.02609947281 0.06234654925
0 0.2290453799 0.4787354414 0.0185302908 0.022821371
0 0.2478995401 0.5663622273 0.02202460928 0.04108905669
2 0.3405955352 0.5450540622 0.06167002302 0.09936381832
2 0.3207839986 0.3607679339 0.05660332475 0.05572979622
2 0.3114530772 0.3341668727 0.02652033189 0.04629358111
1 0.2822118025 0.2961286537 0.0564255266 0.07901734349
1 0.2465369725 0.3571910421 0.0174369689 0.05458335963
1 0.3054451047 0.4782227192 0.05886821065 0.1231429199
1 0.2296304835 0.4315747487 0.0223179005 0.03552890641
1 0.2989827982 0.4150275864 0.05483959318 0.04610268662
1 0.2258378629 0.4047907371 0.0259237278 0.0285359778
1 0.2369203371 0.2790351968 0.01541411735 0.02295387446
1 0.2452878879 0.4922153429 0.01901390724 0.03007105328
1 0.2716290648 0.3650074853 0.04216145111 0.06171423825
0 0.3584731373 0.3381350432 0.01671382352 0.01876951483
0 0.2518855656 0.5199766239 0.01478083659 0.02553932104
0 0.1987978123 0.2815934694 0.02511618088 0.03307938825
0 0.3053792676 0.5408391037 0.01052316409 0.01313042381
0 0.2076974438 0.4998480506 0.01660334128 0.01548106978
0 0.2153869646 0.4596559193 0.01414003961 0.00646633971
