0 0.3692850195 0.4466422872 0.01532101167 0.02160904255
0 0.3424124514 0.4165558511 0.01410505837 0.01662234043
0 0.2149805447 0.5997340426 0.0189688716 0.02127659574
0 0.2174124514 0.4248670213 0.02091439689 0.02593085106
0 0.2872081712 0.6334773936 0.01556420233 0.02426861702
0 0.235286965 0.5847739362 0.01532101167 0.02792553191
0 0.2473249027 0.6801861702 0.0296692607 0.03390957447
0 0.2751702335 0.6471077128 0.01142996109 0.02160904255
1 0.2904912451 0.5229388298 0.0454766537 0.0272606383
1 0.2493920233 0.3986037234 0.0454766537 0.07978723404
1 0.2303015564 0.6334773936 0.01994163424 0.03091755319
1 0.2600924125 0.5412234043 0.02407587549 0.02792553191
1 0.2384484436 0.4737367021 0.015807393 0.02992021277
1 0.2535262646 0.4940159574 0.0138618677 0.02393617021
2 0.2946254864 0.3974401596 0.02310311284 0.05019946809
2 0.2839250973 0.5588430851 0.03234435798 0.01795212766
2 0.280885214 0.6921542553 0.03745136187 0.04587765957
2 0.2236138132 0.4630984043 0.02358949416 0.05186170213
2 0.3217412451 0.4735704787 0.05496108949 0.06748670213
