0 0.6145293688 0.443146508 0.01779467496 0.02476884991
0 0.6336247781 0.406815369 0.01579936213 0.01982546168
0 0.7822453506 0.5310900412 0.02105538549 0.02568110555
0 0.7488696585 0.3727516563 0.02365544515 0.03056489431
0 0.7225235238 0.585853624 0.01848995795 0.02727034375
0 0.761098286 0.5242371872 0.01892031258 0.03051755147
0 0.7671454884 0.6150817394 0.03304519429 0.04074197739
0 0.7359083816 0.5942498145 0.01425339003 0.0234730431
1 0.6998369062 0.4863446837 0.04624678258 0.03995492775
1 0.7150844402 0.3594990725 0.05560734811 0.08775991967
1 0.7743148159 0.5669024494 0.0236587852 0.03477939121
1 0.7307616194 0.4928621712 0.02688820367 0.03343311679
1 0.7384334674 0.4242339081 0.01971843771 0.03249490676
1 0.7283248776 0.4477115171 0.01688140171 0.02640086503
2 0.6737096487 0.3735038553 0.02997223617 0.05338090216
2 0.7122111858 0.5168348396 0.03263611156 0.02710980905
2 0.738734693 0.6371503498 0.04226055122 0.05422586765
2 0.7500388055 0.409611621 0.03071111721 0.05505569421
2 0.662598215 0.451820991 0.06204719895 0.07972360888
