1 0.6358317882 0.5417118156 0.09801333702 0.1401439678
1 0.7720600794 0.5127227885 0.05048566308 0.06197766054
1 0.7667946204 0.4506695929 0.03240423715 0.0363803022
1 0.7040622732 0.4584351361 0.03546152626 0.06343095539
1 0.7280500675 0.5274136213 0.02602272496 0.03469395432
1 0.7545897566 0.3451714123 0.03013867581 0.04207987546
1 0.6252960653 0.4358746382 0.05211218342 0.05628416902
1 0.6529857068 0.4180462301 0.05396702182 0.06849608078
1 0.6806620897 0.5136390638 0.0396130683 0.0638282154
1 0.7466068594 0.4841543124 0.03515054751 0.04607230148
1 0.7221416086 0.3762487314 0.05267372473 0.087180313
1 0.7398667666 0.294989368 0.06378798426 0.1006144135
1 0.7858176583 0.3269353445 0.01830271459 0.02919860608
2 0.8040435395 0.4166738243 0.06439330246 0.09154567207
2 0.6520597118 0.347260249 0.07195875766 0.08033603294
2 0.674814537 0.2704209802 0.04935065796 0.06526423849
2 0.746143772 0.57512313 0.03770929201 0.06122571269
0 0.6864190639 0.5791683447 0.02250577502 0.03516419521
0 0.6934337016 0.3590690021 0.01463378997 0.02814159778
0 0.683894578 0.3121096774 0.02572322451 0.0307658733
0 0.7655770428 0.5613814149 0.0207851157 0.0279738632
0 0.6849156004 0.5616718782 0.03601087718 0.04966746748
