0 0.5902883976 0.404636051 0.01705452721 0.02400417839
0 0.6199905472 0.373646365 0.01561268212 0.0185817613
0 0.7520450543 0.5770047021 0.02096727892 0.02383077854
0 0.7541506608 0.3888867605 0.0231844955 0.02893259129
0 0.6734840781 0.6096380451 0.017387764 0.0268756891
0 0.7306179269 0.5598971586 0.01722502476 0.03079488211
0 0.7151008232 0.6618653067 0.03281200146 0.03795193577
0 0.6860578557 0.6248988874 0.01287135359 0.02380790574
1 0.6729382325 0.490635125 0.04962667318 0.03160118425
1 0.7204791134 0.3590386133 0.0510444949 0.08807124673
1 0.7346629923 0.6125085326 0.02227330542 0.03424460501
1 0.7051257308 0.5118258053 0.0266371654 0.03123649558
1 0.7302162658 0.4403642638 0.01780176279 0.03296384894
1 0.7134590811 0.4614054403 0.01554865199 0.02643241436
2 0.6718811276 0.3555060246 0.02619260019 0.05513359315
2 0.679028194 0.5295661246 0.03525720268 0.0209314112
2 0.6786979028 0.6730390516 0.04150139669 0.05121107759
2 0.746451769 0.4296755787 0.02676036467 0.05694515452
2 0.6406746923 0.4359840996 0.06090895905 0.07532565935
