1 0.7173878294 0.4850589407 0.0953709652 0.1363442009
1 0.8119094061 0.3551295609 0.04911181072 0.06031396189
1 0.7816497458 0.3106569619 0.03151816872 0.03541021291
1 0.7357714534 0.3661140129 0.03452145652 0.0616902882
1 0.7836161338 0.4012770956 0.02531801913 0.03375740479
1 0.7276559793 0.2376081799 0.02932488748 0.04094061116
1 0.6645590106 0.4104308814 0.05068443175 0.05478797397
1 0.6787443615 0.3746699714 0.05250124511 0.06665312288
1 0.7406878408 0.4277814891 0.03855413475 0.06208584891
1 0.779935699 0.3527798069 0.03419766528 0.04482998746
1 0.7153224019 0.2874943414 0.05126854648 0.084797133
1 0.6949862963 0.2098797303 0.06208009348 0.0978710157
1 0.7444417563 0.198743122 0.01781308136 0.0284019749
2 0.7965154423 0.2547058781 0.06265664333 0.0890644287
2 0.6482066335 0.319940168 0.06999053523 0.07819479705
2 0.6336726829 0.2418300034 0.04801355699 0.06350338887
2 0.8178853324 0.4244154972 0.03670183283 0.05955371278
0 0.7727965767 0.4745906491 0.02190277488 0.03420588946
0 0.6855952366 0.2966288894 0.01424831797 0.02736676466
0 0.658344232 0.2673454192 0.02502220707 0.02994155927
0 0.827323228 0.3983544936 0.02022257573 0.02721825828
0 0.7642498443 0.4620660041 0.03503776485 0.04832380306
