1 0.3692598831 0.6083279821 0.1079085579 0.1527401431
1 0.224807532 0.5965490678 0.05466230805 0.06875099692
1 0.225797168 0.5309944234 0.03477852261 0.04082274651
1 0.2919106241 0.5305841205 0.04018885496 0.06763279491
1 0.2718616689 0.605919088 0.02842325558 0.03810850248
1 0.2308786425 0.4191013133 0.03309002687 0.04598146343
1 0.3725726285 0.4963074696 0.05573016175 0.06349054177
1 0.3423434323 0.4814412889 0.058634014 0.07567378876
1 0.3203755576 0.585086714 0.04426023989 0.06871830882
1 0.2493261336 0.5632392273 0.03832179071 0.05070664478
1 0.267043383 0.4471646112 0.05906110809 0.09361823964
1 0.2426136306 0.3646656357 0.07107590492 0.1085493372
1 0.196922689 0.4042899729 0.0204235223 0.03146617962
2 0.1844039047 0.5005340097 0.07084682503 0.09983588781
2 0.3381637718 0.4073514666 0.07719047205 0.09021381826
2 0.3087999488 0.3301544952 0.05385527183 0.07175457082
2 0.2564248432 0.658229258 0.04217504388 0.0658678015
0 0.3191251041 0.6543402966 0.02504693599 0.03797315767
0 0.2957909312 0.4253125588 0.01676180142 0.02982064622
0 0.302343659 0.3749487064 0.02777802974 0.03423969441
0 0.2351198614 0.6465113162 0.02272617819 0.03069382279
0 0.3194238051 0.6358540073 0.03948216961 0.05434631222
