0 0.3689621704 0.6035713252 0.0206260566 0.02825634093
0 0.3363185493 0.604962529 0.01750968041 0.02369577488
0 0.3288620162 0.8424249001 0.02306024132 0.03110326166
0 0.2515141426 0.7164766029 0.02654319457 0.03604478094
0 0.39529328 0.8052993764 0.02200095618 0.03034614733
0 0.3364845006 0.8146666375 0.02348222908 0.03273157507
0 0.388156619 0.8720941111 0.03635381438 0.04909561078
0 0.3929277179 0.8251285766 0.01786924638 0.02496838426
1 0.3476363203 0.7242085654 0.04454685857 0.05774216194
1 0.2622960121 0.6708461565 0.06829818755 0.09495726697
1 0.3549749305 0.8533857426 0.02810886502 0.03875587137
1 0.3343666082 0.762850352 0.02968505208 0.04012947757
1 0.2885159033 0.7333252672 0.02472877956 0.03455580149
1 0.3083683598 0.7349522921 0.02064452684 0.02867212765
2 0.2938177939 0.6317992751 0.03906761561 0.05508857724
2 0.3592192887 0.7551951653 0.03103352779 0.0400502263
2 0.4173458024 0.8522148759 0.04727913003 0.06415091513
2 0.2731951686 0.7383233655 0.04016384122 0.05667726502
2 0.3474537097 0.6628246755 0.06945589239 0.09425673168
