1 0.3375553923 0.5246495875 0.08179885526 0.120770844
1 0.2102899673 0.451023259 0.04439291311 0.05045740704
1 0.2264858815 0.3924520649 0.02924600706 0.02847268299
1 0.2860876114 0.4209280985 0.02677884279 0.05834312849
1 0.2504537741 0.4799865599 0.02227419061 0.02917071127
1 0.2571834287 0.2939588416 0.02537713391 0.0359696632
1 0.3666907259 0.4252699974 0.04752491747 0.04323169272
1 0.3429535396 0.3987005631 0.04695742336 0.05652030954
1 0.2989828601 0.4824028489 0.03146927209 0.05708355785
1 0.2401350478 0.431739952 0.03026221033 0.03849227766
1 0.2831817886 0.3349961255 0.04133423021 0.07856029808
1 0.2804548122 0.2500835627 0.05115368001 0.08942653245
1 0.2300791415 0.2658127809 0.01460468437 0.02603817504
2 0.1963412082 0.3469760313 0.05385721111 0.07873827834
2 0.3564895143 0.3301918488 0.06504547526 0.06270763376
2 0.3480837184 0.2478986592 0.04235925865 0.05470955481
2 0.2243467695 0.5203336455 0.02985397295 0.05487540956
0 0.2816885961 0.5441895067 0.01812219436 0.03116633134
0 0.3141580912 0.3278705819 0.01061573349 0.02633880977
0 0.3318144827 0.285399159 0.02279871709 0.02477342527
0 0.2079068664 0.500491447 0.01773290011 0.02360196114
0 0.2862734782 0.5276811001 0.03045685745 0.04227446276
