0 0.5839226944 0.5593630167 0.0193151383 0.02664038001
0 0.6152529766 0.5516393317 0.01671556593 0.02190583433
0 0.6575913681 0.7759793289 0.02212824426 0.0285965558
0 0.7126530885 0.6344506555 0.02520373153 0.0335093373
0 0.5887450304 0.7589996044 0.02037696703 0.02891853493
0 0.6462056421 0.751626618 0.02137441247 0.03169911399
0 0.6054588508 0.8207061238 0.03481649309 0.04523313695
0 0.5939422466 0.7772498222 0.01619888357 0.02426979339
1 0.6221529884 0.6684715771 0.04530862091 0.04953866192
1 0.6956036152 0.5939337134 0.06243311135 0.09160602877
1 0.6343202558 0.7936694336 0.02605041062 0.03691042801
1 0.6405376716 0.7016354887 0.02838598561 0.03703293387
1 0.6798735573 0.6607732978 0.02241424141 0.03359293226
1 0.6611867163 0.6678284733 0.01890522273 0.02761515413
2 0.6597564939 0.565443772 0.03486857293 0.05427898075
2 0.6157063203 0.701226851 0.03175654138 0.0340829557
2 0.5746793711 0.8098447839 0.04495078518 0.05955927984
2 0.6952225297 0.6612911862 0.03580001903 0.05590654987
2 0.613220421 0.6098948036 0.06601881677 0.08753311481
