1 0.3629907378 0.3365237331 0.1075316876 0.1512331781
1 0.2807953956 0.180784446 0.05389430966 0.06883458431
1 0.3174673882 0.141559626 0.03409445589 0.04116275248
1 0.3582783981 0.2092776526 0.04076788671 0.06601574635
1 0.3045258145 0.2349118529 0.02818184775 0.03792017502
1 0.3821440708 0.07809559593 0.03291715346 0.0456034596
1 0.4266517346 0.2711630997 0.05450513212 0.06422449747
1 0.4162733758 0.2309591263 0.05793923118 0.07557409901
1 0.3457679961 0.2719995581 0.04451195862 0.06750390956
1 0.3141719125 0.185543501 0.03795124026 0.05051887937
1 0.3889057892 0.1325031394 0.05952553404 0.09180910196
1 0.4192953172 0.05674349064 0.07135944899 0.1067762946
1 0.3694477853 0.03409388411 0.02052338868 0.03092970868
2 0.3088147776 0.08030521911 0.07056961263 0.09889020379
2 0.4544676506 0.18118034 0.07564597341 0.09100694071
2 0.4789114197 0.1036028321 0.05336761055 0.07144213296
2 0.2662714439 0.2511533819 0.04244080604 0.06467259991
0 0.3069009467 0.3132269163 0.02512816002 0.0373757817
0 0.4185749123 0.1486435183 0.01711124857 0.02898778762
0 0.4503048181 0.1244632213 0.02734103875 0.0343507294
0 0.2596394378 0.2220568317 0.02254813025 0.03052126858
0 0.3172544288 0.3021857656 0.03924125514 0.05394613593
