1 0.3348735409 0.5033244681 0.07344357977 0.1097074468
1 0.2160749027 0.4207114362 0.04061284047 0.04488031915
1 0.234557393 0.3658577128 0.02699416342 0.02493351064
1 0.2904912451 0.3987699468 0.02310311284 0.05418882979
1 0.2532830739 0.452293883 0.0201848249 0.02626329787
1 0.2689688716 0.2739361702 0.02285992218 0.03257978723
1 0.3678258755 0.4104055851 0.04401750973 0.03756648936
1 0.3463035019 0.3826462766 0.04280155642 0.05053191489
1 0.2998540856 0.4591090426 0.02772373541 0.05252659574
1 0.2457441634 0.4049202128 0.02748054475 0.03457446809
1 0.2919503891 0.3158244681 0.03623540856 0.07247340426
1 0.2935311284 0.2338763298 0.04523346304 0.0821143617
1 0.2442850195 0.2443484043 0.01288910506 0.02393617021
2 0.2078064202 0.3193151596 0.04839494163 0.07147606383
2 0.3627188716 0.3179853723 0.06006809339 0.0548537234
2 0.3587062257 0.2380319149 0.03842412451 0.04920212766
2 0.2261673152 0.4886968085 0.02626459144 0.05053191489
0 0.280155642 0.5169547872 0.01605058366 0.02859042553
0 0.3221060311 0.3118351064 0.008998054475 0.02460106383
0 0.3411964981 0.272606383 0.02091439689 0.02194148936
0 0.2113326848 0.4680851064 0.01605058366 0.02127659574
0 0.2853842412 0.5014960106 0.02748054475 0.03823138298
