1 0.3362819482 0.5548351189 0.04752371183 0.07187971275
0 0.2537872113 0.6993488746 0.02482519081 0.03328585461
0 0.3066544586 0.7618497312 0.03531265223 0.05112000063
2 0.3793805324 0.671382852 0.09235454449 0.1301548838
2 0.2856507686 0.5245876431 0.07001878593 0.09010480142
2 0.2664282337 0.5084051926 0.04119745472 0.05892063481
1 0.2249543883 0.4975661591 0.07955423669 0.1092403663
1 0.2188517277 0.5788877068 0.03712645946 0.05872385035
1 0.3207868275 0.639785416 0.09992263597 0.1476584295
1 0.2347758104 0.6574070131 0.03324356698 0.0467460822
1 0.2889367308 0.5891901739 0.06455624656 0.0807666043
1 0.2203497931 0.6367784906 0.03332034301 0.04376016694
1 0.1780323946 0.5175715101 0.02230121287 0.03097426455
1 0.273657537 0.6986404457 0.02823975758 0.03966175225
1 0.2441625221 0.5663497599 0.06055434771 0.08383648451
0 0.309436624 0.4755155435 0.0216371098 0.02852098666
0 0.2909558985 0.7179583677 0.02285207307 0.03262202761
0 0.1455536936 0.5493184853 0.03454106473 0.0468930157
0 0.346654233 0.6949224995 0.01416882313 0.01904372797
0 0.2437479185 0.7344399205 0.02017838541 0.02571349261
0 0.233871781 0.6931317149 0.0143914716 0.01633856212
