0 0.4777427995 0.4060140446 0.02142851138 0.02945298241
0 0.4685132011 0.3606878452 0.01836332914 0.02446405591
0 0.2888452743 0.4098169325 0.02424608952 0.03202666022
0 0.3637467782 0.2699999041 0.0277638662 0.03731479008
0 0.3333054949 0.4934558235 0.02273480528 0.03179784398
0 0.3115409364 0.4135197974 0.0240628897 0.03457187224
0 0.2815035164 0.5002241825 0.03818645311 0.05060417955
0 0.3178652259 0.4951196418 0.01827519976 0.0264203498
1 0.3820677222 0.4064340352 0.04822375172 0.05753594442
1 0.4006165258 0.2736405483 0.07013068726 0.1001035546
1 0.2871883125 0.4491035717 0.02905531066 0.04059786075
1 0.3498066432 0.397559432 0.03115784083 0.0413952956
1 0.3604126 0.3259991165 0.02528896259 0.03656744284
1 0.3641739416 0.3541848984 0.02121657995 0.03020165196
2 0.4377590535 0.3079519489 0.0396591628 0.05868795948
2 0.3617721479 0.4304133152 0.03369908329 0.03975718226
2 0.3037093754 0.5360795879 0.04948453 0.06636839391
2 0.3528274472 0.3058159166 0.04074658421 0.06041411483
2 0.4279825025 0.3907817006 0.07268677916 0.09752723216
