1 0.3214159323 0.3497839261 0.1064649063 0.1469695918
1 0.2670225269 0.185358304 0.05172162021 0.06907049842
1 0.3061578444 0.1586090656 0.03215931528 0.04212415425
1 0.3344789281 0.2314001049 0.04240537711 0.0614414236
1 0.2814729809 0.2412685216 0.02749881424 0.03738720704
1 0.3743973849 0.1166955187 0.03242793463 0.0445339337
1 0.3889795242 0.3058642348 0.05103972283 0.06630001621
1 0.3849206216 0.2661884033 0.05597360219 0.07529156247
1 0.3143802155 0.2859626441 0.04522361448 0.06406847139
1 0.2971077187 0.1982710726 0.03690285335 0.0499874072
1 0.373183244 0.1685269323 0.06083872144 0.08669126178
1 0.4115297186 0.1065275448 0.07216092278 0.1017604377
1 0.3687233195 0.07292998873 0.02080570824 0.02941206711
2 0.3065670808 0.09998918849 0.06978498965 0.09621459407
2 0.426901182 0.2301091952 0.07127678668 0.09324961319
2 0.4600208906 0.1649161737 0.05198786007 0.07055786807
2 0.2440237296 0.246448293 0.04319219926 0.06129148357
0 0.2729496224 0.3139949951 0.02535771527 0.03568582185
0 0.3982977969 0.1909731144 0.01809953411 0.02663182648
0 0.4308244714 0.1768151309 0.02610480353 0.03466453631
0 0.2418957178 0.2179586356 0.02204435259 0.03003297046
0 0.2839940451 0.3064734184 0.03855953469 0.05281383289
