1 0.5834892486 0.621602603 0.04618847941 0.06386646459
0 0.6438296153 0.7676941239 0.02284447452 0.03116056926
0 0.5897799293 0.8144703342 0.03363092855 0.04627306627
2 0.5329226084 0.7191090697 0.08689013065 0.1191905381
2 0.6323169023 0.6036059957 0.06329509181 0.08593653362
2 0.651320617 0.5925203939 0.03901917777 0.05361330005
1 0.6899351343 0.5903944034 0.07398160086 0.1011856575
1 0.6873955138 0.6651328573 0.0368570851 0.05122125941
1 0.5890913442 0.7013659698 0.09606906995 0.1324897915
1 0.6651963869 0.7332534391 0.03124532571 0.04284965196
1 0.6229369988 0.6614716785 0.0576620552 0.07803965153
1 0.6802994136 0.7172547345 0.03038603231 0.04135049067
1 0.7304226452 0.6171965179 0.02084479245 0.02854650988
1 0.6259143651 0.7633710255 0.02652780155 0.03637507852
1 0.66572881 0.6490942579 0.056519129 0.07737386125
0 0.6156530155 0.5547813125 0.01976316037 0.02690565135
0 0.6083414069 0.7776512182 0.02162541809 0.02970757274
0 0.7566726693 0.6519502184 0.03195977671 0.04365553802
0 0.5602105387 0.7464798406 0.01305220071 0.01780847934
0 0.6494371772 0.8013167817 0.01816442973 0.02463476072
0 0.6624723955 0.7657569292 0.01235278037 0.01653640711
