1 0.357733463 0.4150598404 0.02431906615 0.06150265957
0 0.2337062257 0.4657579787 0.01799610895 0.02194148936
0 0.2497568093 0.5553523936 0.02091439689 0.04022606383
2 0.3439931907 0.5397273936 0.05909533074 0.09674202128
2 0.3302529183 0.3525598404 0.05544747082 0.05285904255
2 0.3217412451 0.3251329787 0.02529182879 0.04521276596
1 0.2935311284 0.2849069149 0.05447470817 0.07646276596
1 0.2554717899 0.3442486702 0.015807393 0.05418882979
1 0.3107976654 0.4700797872 0.05544747082 0.1210106383
1 0.2358949416 0.4182180851 0.02140077821 0.03457446809
1 0.3064202335 0.4059175532 0.05398832685 0.04321808511
1 0.2329766537 0.3909574468 0.02529182879 0.0272606383
1 0.2484192607 0.264793883 0.01483463035 0.02227393617
1 0.249635214 0.4803856383 0.01823929961 0.02925531915
1 0.280520428 0.3537234043 0.04061284047 0.05984042553
0 0.3690418288 0.3321143617 0.01629377432 0.01795212766
0 0.2553501946 0.5088098404 0.01410505837 0.02493351064
0 0.2098735409 0.2649601064 0.02431906615 0.03191489362
0 0.3086089494 0.5332446809 0.01021400778 0.01263297872
0 0.2114542802 0.4857047872 0.01629377432 0.01462765957
0 0.22057393 0.4456449468 0.01410505837 0.005651595745
