2 0.3313669418 0.5994100481 0.0710724702 0.1080744078
2 0.2974880479 0.4264944954 0.06383696788 0.05548639149
0 0.2433887672 0.6401952766 0.02229775629 0.04188352853
0 0.2883042904 0.634594502 0.01067370272 0.01823012167
0 0.2460687117 0.5914177582 0.01493733117 0.02624195825
0 0.1973251086 0.4660413619 0.02610965314 0.03350908559
2 0.2693239499 0.6354128284 0.04125371085 0.05590950808
1 0.1750830889 0.495419645 0.03782338054 0.06771671497
1 0.3372843459 0.4649041961 0.03840191924 0.06850758968
1 0.1918520287 0.3573602361 0.01955850971 0.02625170652
2 0.2900904528 0.3385143307 0.04825470157 0.05820212543
1 0.2296281154 0.3490375655 0.05749369624 0.09460645504
1 0.2118498922 0.4010727068 0.0187901299 0.03441997046
1 0.2476787591 0.3964236031 0.01454601023 0.02400884083
1 0.2432050417 0.4356688286 0.0495014528 0.07033809737
1 0.2656341494 0.569999767 0.03164404927 0.06509174638
1 0.2460936337 0.511295301 0.02930063131 0.06552718712
1 0.1940685097 0.5382830289 0.02787453241 0.03228277014
1 0.2381957748 0.561275547 0.01877324447 0.02930236759
1 0.213301559 0.5952329026 0.01903325065 0.03329674451
1 0.2009854429 0.4911539322 0.02717443334 0.03205350841
1 0.3029930144 0.5226842153 0.05393541359 0.07179008836
